0.003546049
0.005433344
0.005436937
0.005639329
0.007688569
0.008445436
0.007761747
0.007546443
0.009066623
0.009991424
0.01137339
0.00997743
0.01167508
0.01235625
0.01101739
0.008201741
0.008724975
0.008929858
0.007961908
0.008262802
0.00705095
0.006643341
0.006446954
0.007357914
0.01045716
0.009609944
0.01137253
0.01338868
0.01203522
0.01289248
0.01503603
0.01286818
0.01128651
0.01152458
0.009182878
0.009509756
0.01325858
0.01554194
0.01774136
0.01611755
0.01349416
0.01156026
0.0126789
0.01085522
0.0107891
0.01111563
0.01336188
0.01126197
0.008793231
0.0103988
0.01012783
0.01048775
0.01117547
0.01297883
0.01139609
0.01085718
0.01022267
0.01074112
0.008479805
0.008550297
0.01068311
0.01201052
0.00876275
0.01022396
0.009485441
0.008902214
0.008452989
0.009810271
0.00880793
0.01020161
0.01119351
0.00944143
0.009004084
0.01395634
0.01040699
0.008416134
0.008548506
0.008264866
0.007721835
0.009280291
0.01450407
0.01081739
0.01060182
0.008578377
0.009009911
0.0104499
0.01018221
0.01088338
0.009826998
0.01389986
0.01309479
0.01081518
0.01258718
0.009808548
0.01338616
0.01245183
0.01143382
0.01286815
0.01070453
0.01088086
0.008577471
0.008802245
0.01032393
0.009254689
0.007457431
0.008311341
0.009661871
0.008214688
0.01323155
0.01189559
0.01080683
0.00963309
0.0103981
0.01433544
0.01197964
0.01143534
0.009784113
0.01057297
0.008523254
0.008805514
0.008058407
0.009667613
0.009831381
0.007045641
0.008839309
0.006808532
0.009825665
0.009448129
0.0106749
0.008733272
0.009372883
0.009867392
0.008894291
0.009854103
0.0103974
0.01060442
0.01327084
0.01464639
0.01209829
0.01261206
0.01038022
0.0158291
0.01314418
0.01441989
0.01300963
0.01264938
0.0138111
0.01330211
0.01426123
0.009823771
0.012101
0.01042726
0.01078088
0.01071925
0.00951751
0.0103199
0.01344875
0.01681332
0.01268961
0.01085915
0.01176375
0.01159607
0.00988926
0.01040927
0.01043976
0.01028118
0.01204518
0.01211364
0.01309739
0.01090868
0.01267534
0.01043512
0.007672079
0.006860138
0.0122066
0.0141722
0.01254467
0.01029885
0.01130258
0.01227217
0.01116765
0.01313075
0.01148165
0.01360934
0.01226526
0.01164789
0.01153466
0.01029139
0.01057768
0.009367826
0.008101215
0.007011088
0.008412226
0.009519317
0.009764184
0.007060899
0.007968922
0.006996144
0.01159339
0.01398575
0.01599339
0.01163827
0.01102854
0.01158563
0.01231813
0.01636296
0.01524951
0.01125577
0.01475096
0.01398385
0.01341497
0.01312362
0.01124956
0.009670457
0.01005029
0.009762767
0.008618698
0.009441527
0.01097983
0.01192839
0.01096569
0.01245494
0.01494421
0.009923852
0.01062726
0.01695504
0.01271165
0.01388618
0.01670827
0.01366753
0.01206017
0.007942972
0.009498814
0.01135843
0.01336723
0.01017016
0.0140678
0.01304014
0.01160624
0.01233109
0.01293635
0.01487987
0.01509782
0.0135801
0.01128868
0.009667978
0.01081546
0.01552401
0.0121473
0.01172353
0.01005871
0.01475331
0.01363109
0.01613858
0.01620421
0.01653308
0.01331292
0.01309361
0.009970573
0.01020315
0.01014521
0.009929107
0.009910336
0.01030899
0.01138348
0.01101484
0.01088036
0.01258655
0.0161489
0.01790531
0.01378825
0.0181706
0.01310687
0.01524632
0.01513808
0.01216905
0.01213986
0.01324756
0.01011879
0.01014835
0.009321459
0.009890207
0.008878472
0.009215458
0.009444883
0.01091932
0.01258371
0.008840044
0.0114175
0.01422614
0.01266091
0.01204611
0.01545005
0.01955624
0.01076714
0.01445906
0.01310609
0.01485845
0.01339182
0.01420389
0.01629158
0.01518698
0.01426179
0.01785994
0.01733683
0.01361125
0.01257484
0.01517082
0.01626114
0.01463759
0.01169334
0.0112222
0.0131387
0.01341339
0.01168912
0.01232795
0.01139481
0.01187746
0.01196929
0.01198906
0.009210394
0.01024935
0.01049502
0.007852647
0.01254828
0.01065894
0.0105596
0.01014947
0.01211542
0.0174127
0.01463051
0.01256608
0.01470654
0.01371342
0.01495935
0.01938963
0.01396294
0.01308496
0.01557253
0.01509941
0.01229277
0.01294324
0.01795789
0.01502588
0.01310921
0.01605118
0.02046067
0.01561273
0.01506695
0.01608446
0.01618768
0.01783919
0.01656203
0.01387012
0.01467043
0.01415139
0.01491973
0.01216905
0.01373609
0.01278163
0.01903194
0.01727639
0.01118175
0.01300362
0.009921849
0.00876649
0.008351176
0.009530922
0.007521148
0.008949741
0.007515353
0.007466714
0.007236148
0.008249144
0.007913011
0.01177203
0.01178647
0.01411003
0.0163199
0.01108547
0.01161384
0.01214506
0.009334882
0.008628204
0.01048202
0.01264183
0.01185424
0.0107142
0.01277505
0.009901748
0.008800489
0.01290206
0.01306293
0.01422105
0.009268548
0.008888596
0.007545054
0.01008438
0.01091834
0.01010829
0.009439736
0.009484267
0.008147184
0.006786245
0.004563774
0.006199925
0.00680753
0.00771527
0.009861479
0.01327201
0.01366075
0.01329932
0.01478598
0.01382
0.01500245
0.01245414
0.009349823
0.008561499
0.009652503
0.008836877
0.01257052
0.01022758
0.01269456
0.01267053
0.01302687
0.01194838
0.01218292
0.009478044
0.006391103
0.006161748
0.006066809
0.00664174
0.007808959
0.008480423
0.006720992
0.008684787
0.009577235
0.008750013
0.006812051
0.008451614
0.009592555
0.009679642
0.006882469
0.009432451
0.009934521
0.007561807
0.007793374
0.005059086
0.007582982
0.008233452
0.008431968
0.01173205
0.007392388
0.007722627
0.01208016
0.01210099
0.01037327
0.01207091
0.01135153
0.008706304
0.0103145
0.009045726
0.01081708
0.01206586
0.01255245
0.01464789
0.01447329
0.01428466
0.01288654
0.008893168
0.01026628
0.01026302
0.01046632
0.0125852
0.01081892
0.01023101
0.01106912
0.009440659
0.007374768
0.01062892
0.008064637
0.007972762
0.01048867
0.008588383
0.01003297
0.01339384
0.01443727
0.01723771
0.01170468
0.01244471
0.01352149
0.01337685
0.01128416
0.009795941
0.01128488
0.01378305
0.008880341
0.008636498
0.01504454
0.0118661
0.01240041
0.01338043
0.01410469
0.01200609
0.009059537
0.01051112
0.01119649
0.01026207
0.01279397
0.01287572
0.01290504
0.01338683
0.01662965
0.01393206
0.01330682
0.01132208
0.01068844
0.007556878
0.00793686
0.008101497
0.007322204
0.009296857
0.009603719
0.01164476
0.01095666
0.008862983
0.009361545
0.009517891
0.01078923
0.01058098
0.01031717
0.009907555
0.01134302
0.007265573
0.006905876
0.007207662
0.007671224
0.006654583
0.00575443
0.007663214
0.008499927
0.01118579
0.008104524
0.008565242
0.006777711
0.007312622
0.008893056
0.008018162
0.009028913
0.008375525
0.01079731
0.01124121
0.009737466
0.006899836
0.007545674
0.008454139
0.009544939
0.01032445
0.0109369
0.01095083
0.01066115
0.01180012
0.012364
0.01320338
0.01335483
0.01251018
0.01201539
0.011007
0.0104787
0.01091783
0.01241528
0.008755244
0.01022038
0.01345738
0.0110073
0.009582657
0.008602079
0.009078974
0.008368704
0.01069763
0.01065375
0.007887368
0.008420318
0.01043823
0.009657593
0.009778662
0.01165449
0.01233638
0.01619535
0.009856786
0.00953116
0.01034332
0.009862092
0.008653012
0.007374942
0.009085898
0.008853042
0.007038896
0.007486944
0.008158811
0.009775954
0.008214234
0.009990075
0.01019841
0.01207896
0.01056036
0.01279863
0.01109852
0.007955946
0.008557468
0.009806064
0.01212925
0.01392207
0.01563272
0.01066843
0.01219756
0.01378689
0.01021531
0.009821894
0.01125305
0.008016168
0.009609252
0.01065722
0.01175408
0.008950666
0.01021372
0.009198385
0.01101021
0.01027801
0.01051576
0.009595907
0.010595
0.0120478
0.01022101
0.01084431
0.01272934
0.01398759
0.01013327
0.01131747
0.01247169
0.009485669
0.008602901
0.008855064
0.01007698
0.009841664
0.009604225
0.01026221
0.01078327
0.01045189
0.01350961
0.01505722
0.01223228
0.01235909
0.01296712
0.01174587
0.0112823
0.01038272
0.01045657
0.01152437
0.01022185
0.01007351
0.01112873
0.0101121
0.01370828
0.009938627
0.01001845
0.009046855
0.01072885
0.01048781
0.009408009
0.01176937
0.009800727
0.009962299
0.009483423
0.009415703
0.01008897
0.009183183
0.009185565
0.008717093
0.009368989
0.008975275
0.009397778
0.009479039
0.01204227
0.01069106
0.01191246
0.01024192
0.007585932
0.007297873
0.007546275
0.0113538
0.01219957
0.01318484
0.01638186
0.01076405
0.01081732
0.01114906
0.01208151
0.01267955
0.01128784
0.01036678
0.008539321
0.006396826
0.007146621
0.00942393
0.008719775
0.01301759
0.009873039
0.007309917
0.007460789
0.008308862
0.01062873
0.01134064
0.008976363
0.01114943
0.009815906
0.007462456
0.0074294
0.008628945
0.009669005
0.008625893
0.008851862
0.009889894
0.01076681
0.009553212
0.01071936
0.007301022
0.007556616
0.009239924
0.01071939
0.01194578
0.009902933
0.008473398
0.007340876
0.01024844
0.008889813
0.009499578
0.01145624
0.01292293
0.01290331
0.01332955
0.01108301
0.009434148
0.01113054
0.009857394
0.008423257
0.007962234
0.007867292
0.01015701
0.008806212
0.01123435
0.01012773
0.009948308
0.01033588
0.008085904
0.007858949
0.009017568
0.008307816
0.01103562
0.009856206
0.008567309
0.009783042
0.01036944
0.0116132
0.01215332
0.01535054
0.01535524
0.01409298
0.0140004
0.01439916
0.01493256
0.01178532
0.01029597
0.007349219
0.01092554
0.01166949
0.01303757
0.009354871
0.00692105
0.00959168
0.01362265
0.01174664
0.01305349
0.01073151
0.01287595
0.01308545
0.01151398
0.009261451
0.009456686
0.01022591
0.01133993
0.009274343
0.009831647
0.01393295
0.01606507
0.01420191
0.01418901
0.01145891
0.0101299
0.01001046
0.007693515
0.007195632
0.007951003
0.006668198
0.009943582
0.009302926
0.009996018
0.007559131
0.008163885
0.007832598
0.01317348
0.01044627
0.01237756
0.01002879
0.008370966
0.01166142
0.01121154
0.01091409
0.01116183
0.01084574
0.01191522
0.01134834
0.01540329
0.01447152
0.01270433
0.01262962
0.01070661
0.008260931
0.008277093
0.00777793
0.007080553
0.007909717
0.006562733
0.009186668
0.009976004
0.01065315
0.008511619
0.01073926
0.009798647
0.01083568
0.009526108
0.009809452
0.009092646
0.01001346
0.01071076
0.01029647
0.007957177
0.008273806
0.008449553
0.01238317
0.007458988
0.009486784
0.007838855
0.00781481
0.009532543
0.01039828
0.006428717
0.007616863
0.01033785
0.009173453
0.009237223
0.0104457
0.01123857
0.01127291
0.009794469
0.01128513
0.01209295
0.01130026
0.009867852
0.009789715
0.0133432
0.01348837
0.01307929
0.01235077
0.01122163
0.009170583
0.01282577
0.01099638
0.01207501
0.008872504
0.009945028
0.009395799
0.01293224
0.01353509
0.01131031
0.01120051
0.01125807
0.01278301
0.01363176
0.01370776
0.01150672
0.008909474
0.008321407
0.006818923
0.00720724
0.008372675
0.009804428
0.01040652
0.01133817
0.009315643
0.01318557
0.01120322
0.01015808
0.01422079
0.01007069
0.01060377
0.012413
0.01242786
0.01195973
0.01090577
0.009062155
0.008587304
0.01104456
0.009840902
0.008009823
0.008885331
0.01132137
0.01170322
0.009436723
0.008114357
0.009322667
0.0105099
0.01198117
0.01283551
0.01320153
0.01197973
0.00875821
0.008194581
0.01228715
0.01268247
0.008662022
0.01139836
0.01282462
0.01181309
0.01173004
0.01395471
0.01244376
0.01532194
0.01215783
0.01311351
0.0106064
0.01182294
0.01273874
0.01055069
0.0120263
0.01426152
0.01322072
0.01366143
0.01407861
0.01197543
0.01288982
0.01258467
0.01270076
0.01134179
0.01260149
0.01333729
0.01425906
0.01049598
0.01275542
0.01477552
0.01363581
0.0151375
0.01475286
0.0121346
0.01307669
0.0109517
0.009362358
0.01314849
0.01300192
0.01272553
0.01366678
0.0138154
0.01603272
0.01548509
0.01260421
0.01683237
0.01420121
0.01101684
0.01265551
0.01038763
0.01256336
0.007866873
0.005451039
0.006931611
0.007074338
0.008235187
0.006546634
0.008443449
0.00992492
0.01231368
0.006779935
0.008563444
0.0135946
0.01380954
0.0128217
0.01218272
0.01195139
0.01480497
0.01412481
0.01040749
0.01109359
0.01216956
0.01345441
0.01284597
0.01033497
0.01393907
0.01175472
0.01156746
0.01475171
0.01241343
0.01109685
0.01303905
0.01250412
0.01490496
0.0139993
0.01053271
0.01074103
0.008475228
0.008115676
0.008438608
0.008569152
0.007567576
0.009298322
0.00749752
0.01139223
0.01207871
0.01078824
0.008967363
0.009574002
0.008341624
0.008027583
0.008226492
0.009578183
0.01061718
0.01178385
0.009138452
0.01004597
0.008295316
0.008709828
0.008629506
0.009525577
0.0105795
0.007684705
0.008264802
0.01125461
0.009696001
0.01055355
0.008561979
0.01057043
0.010834
0.01248634
0.01176276
0.01070817
0.007707139
0.01102049
0.01210969
0.01127241
0.008146454
0.009900234
0.00944423
0.007526636
0.008605612
0.00723117
0.007364219
0.0108459
0.01261221
0.01209252
0.01400001
0.01065802
0.01412921
0.009968648
0.0115757
0.01070549
0.01105834
0.01069772
0.01082198
0.009553508
0.008836472
0.01042822
0.0112524
0.01352702
0.01186926
0.01092531
0.01595117
0.01583222
0.01329211
0.0149394
0.01267181
0.01246207
0.01830552
0.01452983
0.01166501
0.01198591
0.009647875
0.01045599
0.01249794
0.01292361
0.01344862
0.0147473
0.01323181
0.01220768
0.01417884
0.01344679
0.009773703
0.0128903
0.01248767
0.008990053
0.01048759
0.007742742
0.0110181
0.01197898
0.01419121
0.01259333
0.01253951
0.01385516
0.01394118
0.009265143
0.01073512
0.01151829
0.01043184
0.01310608
0.01260655
0.0139783
0.01107279
0.01297517
0.01088038
0.01243973
0.01447913
0.01119724
0.01202181
0.01278876
0.01258753
0.01088059
0.01257653
0.01241886
0.01145422
0.009289118
0.01085294
0.008990658
0.01008159
0.008895709
0.006799355
0.007463619
0.007156896
0.009130302
0.01075848
0.01010284
0.01075891
0.00999642
0.01071057
0.01105354
0.01089037
0.007787444
0.007199526
0.007780798
0.007391245
0.008543673
0.009650097
0.007418187
0.01221999
0.01340882
0.01358321
0.009745208
0.01061119
0.01221614
0.011794
0.01550311
0.01218268
0.01285806
0.01216436
0.01041886
0.01035336
0.01078012
0.009665401
0.01079998
0.01122914
0.01398635
0.01354291
0.01541504
0.01281194
0.01217833
0.009409623
0.01268841
0.01245066
0.01289176
0.01042818
0.01270658
0.01021844
0.0102202
0.008903015
0.008229519
0.009626931
0.01039692
0.01055156
0.01097813
0.009643484
0.008979722
0.01108994
0.008843846
0.009487489
0.009320382
0.01006775
0.01099089
0.009373402
0.008054376
0.01152898
0.01290819
0.01310616
0.01431686
0.01315596
0.01153169
0.01138809
0.01126925
0.01028898
0.007739959
0.009553413
0.007702192
0.01017438
0.008967764
0.01436322
0.009357948
0.01057087
0.01207316
0.01127622
0.01502897
0.01231761
0.01461984
0.01194461
0.0104599
0.0115301
0.01203887
0.01384745
0.0116924
0.01048645
0.01097225
0.0153534
0.01181566
0.01040027
0.01066673
0.01057149
0.009385277
0.01125574
0.01222332
0.01435251
0.01623227
0.01439079
0.01460632
0.01198842
0.0102121
0.009703543
0.01052055
0.01100728
0.01062606
0.009868787
0.01080549
0.0100402
0.0133506
0.01236892
0.01165107
0.007937433
0.008987076
0.012309
0.01083415
0.006745882
0.007793446
0.007324514
0.008959075
0.008992683
0.01127701
0.0128164
0.0104812
0.0108785
0.01036058
0.01324113
0.01016806
0.01130671
0.01156797
0.01001546
0.01308581
0.01261435
0.01368316
0.01001352
0.009919757
0.01012507
0.008511701
0.008042779
0.007455029
0.008581413
0.01007473
0.007962758
0.007894207
0.009036829
0.01113687
0.01298169
0.009004541
0.01048524
0.0115076
0.01184937
0.01175404
0.01082287
0.01140931
0.01141427
0.01323215
0.01278418
0.0116296
0.00902856
0.0112921
0.009255777
0.008263366
0.01084801
0.008920046
0.008764982
0.009315869
0.01378989
0.01349509
0.01171976
0.01364974
0.01250752
0.01301079
0.01022416
0.009049416
0.01026666
0.01036068
0.01343635
0.01279522
0.008956191
0.01039195
0.01325493
0.01354541
0.01098009
0.01105975
0.00967717
0.006511177
0.008306522
0.00972755
0.008729116
0.01158561
0.01167075
0.01081773
0.01042352
0.007603917
0.01039934
0.007118135
0.009705803
0.009801559
0.009940078
0.01156174
0.01046271
0.01150434
0.01127112
0.01141496
0.0100287
0.009414691
0.0106619
0.01040654
0.009353001
0.009315719
0.008583109
0.008568813
0.009545999
0.0114019
0.01108138
0.01289972
0.01000998
0.01109941
0.009630416
0.01044313
0.009330381
0.009208978
0.006020261
0.009527622
0.009133456
0.009269889
0.008935802
0.01034619
0.01146781
0.01425883
0.00935495
0.009216375
0.009885124
0.01296284
0.01442251
0.01498965
0.01237415
0.01137821
0.01288575
0.01463824
0.01248754
0.0113374
0.01367533
0.01209894
0.01343295
0.01354681
0.01516838
0.01078351
0.01257883
0.008931483
0.008939418
0.01178346
0.01105631
0.01136643
0.01001946
0.01172982
0.01209425
0.01354267
0.009641094
0.01124054
0.009657039
0.01032271
0.00954884
0.009048449
0.009106143
0.008895884
0.008342845
0.009056746
0.008337624
0.009857988
0.009440866
0.007884542
0.009034069
0.01140956
0.01205839
0.01102749
0.01002245
0.01408927
0.01395607
0.01272271
0.01339412
0.01336007
0.008168486
0.006428833
0.005900253
0.004754836
0.00870686
0.009606592
0.01243282
0.01244812
0.01157411
0.01173209
0.01100107
0.0115469
0.01286144
0.01270445
0.01666301
0.01120184
0.01392494
0.009610827
0.01332242
0.01320197
0.009673092
0.01010624
0.007207283
0.007452465
0.006317208
0.007285928
0.008079355
0.009059739
0.01385722
0.01245061
0.01203415
0.009884483
0.01241999
0.01371132
0.01014921
0.008247578
0.008263572
0.009008317
0.005647709
0.006099951
0.008188496
0.009067335
0.01204508
0.009462925
0.009239926
0.009122904
0.0102536
0.009991041
0.01166153
0.01326548
0.01113893
0.01065429
0.01148709
0.0104542
0.01079326
0.007701288
0.01096927
0.01293592
0.01141935
0.01097191
0.01259665
0.008236692
0.008114018
0.01167256
0.01245646
0.009190492
0.009032791
0.01271883
0.009871088
0.01022342
0.01292586
0.0125509
0.0120703
0.009934407
0.009118643
0.008402311
0.008876495
0.008332032
0.008203456
0.007561575
0.009092683
0.009459644
0.008235406
0.007229818
0.0081277
0.009028144
0.009095655
0.01047043
0.01052335
0.009561793
0.01064613
0.0096491
0.01128399
0.009474644
0.01362729
0.01025506
0.01026486
0.01133853
0.007486002
0.007558144
0.01014365
0.01071914
0.01114204
0.008142983
0.009001217
0.009642882
0.009669237
0.009224886
0.009357846
0.009709911
0.01037009
0.01093185
0.01029132
0.01433003
0.01449631
0.01135889
0.01253188
0.01217997
0.0119158
0.01361524
0.01073691
0.01338646
0.01124669
0.01198969
0.009307847
0.008526159
0.01302222
0.01182201
0.01454984
0.01396156
0.009907865
0.009253966
0.009220871
0.007413508
0.007903553
0.005668241
0.008387141
0.007153394
0.006486958
0.007836655
0.009699098
0.009005809
0.01056452
0.01058165
0.01245521
0.01096201
0.01308973
0.01488593
0.01168312
0.01181418
0.01231821
0.01009003
0.01062794
0.008315109
0.01018953
0.01022252
0.0111058
0.01020954
0.01206471
0.007129014
0.008905406
0.01249976
0.01000264
0.01185502
0.01081804
0.01290727
0.01195106
0.01103856
0.009887891
0.01030662
0.008759017
0.008554779
0.009530122
0.008298703
0.009215405
0.009741344
0.007610567
0.007025705
0.008591206
0.01036673
0.00967353
0.01790372
0.01401017
0.01364746
0.01124175
0.009118508
0.01023039
0.0126757
0.009794513
0.009559868
0.009447681
0.009312253
0.009517818
0.007900149
0.01239521
0.01406894
0.01489001
0.01150976
0.01053428
0.01163798
0.01021931
0.01082533
0.00891606
0.0153021
0.01527837
0.01821952
0.01131406
0.01269704
0.01095331
0.01181581
0.01163356
0.00951493
0.01122288
0.01116852
0.01177623
0.01225608
0.008222429
0.0104295
0.01261897
0.01234512
0.008079739
0.009515754
0.01229671
0.01062441
0.01093108
0.01004499
0.00937212
0.01165569
0.01014301
0.009477544
0.01263085
0.01243378
0.01207666
0.0114049
0.009392497
0.01022876
0.009185394
0.01199923
0.0131514
0.01016221
0.009744408
0.01186933
0.01117947
0.01099969
0.008946368
0.009989056
0.008743367
0.008454603
0.01120902
0.01262459
0.01654731
0.01489639
0.01321782
0.01381195
0.01040708
0.009530348
0.01505484
0.01361071
0.01175706
0.01423766
0.008769445
0.01142495
0.01332794
0.01270893
0.01384622
0.009120643
0.01085174
0.009629997
0.007737355
0.005992879
0.007900658
0.009360966
0.008821328
0.0118114
0.01168593
0.009891291
0.01144353
0.01011356
0.00815003
0.009495288
0.01168204
0.01271769
0.009878527
0.01008301
0.007602808
0.007756904
0.006671339
0.00718506
0.005603034
0.005459361
0.007869414
0.009264605
0.008674178
0.00694173
0.008191252
0.010479
0.01159415
0.01090168
0.01209584
0.009952533
0.009278451
0.00850426
0.008611848
0.01118689
0.01187363
0.01315974
0.01082327
0.01133329
0.01290696
0.009046618
0.01167637
0.01055336
0.0107706
0.01187329
0.008493139
0.008090099
0.009307463
0.01370564
0.01176168
0.01080194
0.009725127
0.01009178
0.0103499
0.00898588
0.009494432
0.01033869
0.009830987
0.01000612
0.01046545
0.0134968
0.0112092
0.01002933
0.0119924
0.01158948
0.009047393
0.007860215
0.007685086
0.007269194
0.008772275
0.01127587
0.01220289
0.01225589
0.0125186
0.01248122
0.007705565
0.009937396
0.01335835
0.01211248
0.01318765
0.01491887
0.01166977
0.01163965
0.01236754
0.01215418
0.01169033
0.01400528
0.01428717
0.01615838
0.01454516
0.01435959
0.01248887
0.01445854
0.01135236
0.01174375
0.01280369
0.009061198
0.01342822
0.01122153
0.008247803
0.008459334
0.007736494
0.0104413
0.006764128
0.008655918
0.008581595
0.009433211
0.01052843
0.01151674
0.009240947
0.0084326
0.009658542
0.01200151
0.00919794
0.008232821
0.009586407
0.01262924
0.01233238
0.01248476
0.009742956
0.01084976
0.01109452
0.008937596
0.007082479
0.007217143
0.008213769
0.006438296
0.008047073
0.008485433
0.009467032
0.008528533
0.008244519
0.01049597
0.009781792
0.007797127
0.01086442
0.0132743
0.01406759
0.01475839
0.009981447
0.01228949
0.01005135
0.01030776
0.00970788
0.007930498
0.007314395
0.008250935
0.007990565
0.01027473
0.01031143
0.01151436
0.01095164
0.01247265
0.01307073
0.01034749
0.01214485
0.01258741
0.01402777
0.01359547
0.01315481
0.01172994
0.01440344
0.01303536
0.01237292
0.01255062
0.01348357
0.01630222
0.01175979
0.01077297
0.01148008
0.01029376
0.01288865
0.01199099
0.01438514
0.01045242
0.01116827
0.01284072
0.01461794
0.00964178
0.01022361
0.01057966
0.01007502
0.01249475
0.01037376
0.008922554
0.01206887
0.01124341
0.01200198
0.01300146
0.009078013
0.0120105
0.01357039
0.01213451
0.01003207
0.00979648
0.009984637
0.008904971
0.01355926
0.01364681
0.01169131
0.01094068
0.01241479
0.01244122
0.01256282
0.01067048
0.01088546
0.009748783
0.008794133
0.008650832
0.01076415
0.01054362
0.01112236
0.01267307
0.009424256
0.01052698
0.01301778
0.01099727
0.01230297
0.01148259
0.01074556
0.009362145
0.009347
0.01033297
0.00925713
0.007940461
0.007663677
0.00931483
0.007417465
0.009024924
0.009363177
0.01260666
0.01567998
0.01211221
0.01364547
0.0118631
0.0108544
0.01034785
0.01065412
0.0097964
0.009268708
0.0124733
0.01169073
0.009666486
0.007073823
0.008661454
0.009448512
0.0127793
0.01005009
0.01211204
0.01268605
0.01033864
0.01339041
0.01146918
0.01065247
0.009715949
0.007128693
0.006755889
0.006736693
0.008658129
0.01195767
0.01116309
0.008614401
0.01116941
0.01347147
0.01467223
0.01336567
0.01194002
0.01254184
0.009937426
0.01313878
0.01047561
0.0123258
0.01000793
0.01174506
0.01150246
0.01313462
0.01272299
0.009760996
0.01215042
0.01170722
0.009018055
0.01245322
0.01017467
0.0108097
0.01148281
0.009949153
0.008115585
0.008904108
0.01327436
0.01185567
0.01532174
0.0125248
0.01243626
0.01537903
0.01652857
0.0144765
0.01276073
0.01568094
0.0135453
0.01428704
0.01276701
0.01101713
