129.9867
114.8895
133.582
133.5752
151.6594
145.7801
131.7551
140.7544
145.9675
149.6142
148.8555
143.2198
152.6047
138.8578
121.0052
112.5952
106.8765
97.87455
99.26442
105.2949
102.365
94.21454
97.29877
90.68066
72.11784
78.37914
98.9402
109.6426
120.6955
111.7586
105.1963
89.29133
99.218
103.3673
94.1287
101.8442
111.1047
105.1271
108.1177
112.2824
119.2527
116.1656
131.4049
120.1512
115.4228
108.4906
120.3844
115.4129
109.2279
105.211
106.7908
124.3271
130.8218
130.0093
140.7972
143.4106
130.7775
125.1776
124.3822
122.1128
128.6543
111.1351
117.0316
105.895
99.11122
90.43858
99.64261
102.7487
120.5566
113.6295
124.5071
111.9571
102.1659
101.3894
127.7452
126.8441
123.5085
115.5027
120.4757
138.946
141.9484
145.938
131.1649
128.6913
129.9594
106.7792
89.7049
90.12986
100.861
102.4289
102.7451
101.8322
108.4442
136.9081
132.4657
129.165
123.7505
135.0216
134.1103
134.3746
134.2289
143.2615
150.3678
146.3233
155.7361
173.9272
162.6245
157.3606
170.9688
169.6262
191.3046
194.5095
195.2037
202.4952
197.5435
205.0046
206.9311
202.3971
208.4942
209.3788
224.4142
231.1756
222.958
235.2025
225.4488
239.1832
239.6103
246.4701
244.03
254.2142
248.125
236.5121
240.0311
248.7847
230.5339
240.8757
230.4064
226.4599
221.7439
207.1649
209.9553
206.5608
210.4535
212.2328
201.9635
211.3089
207.7433
211.1501
209.0825
207.8427
205.3266
216.608
207.9406
205.6652
207.0532
208.0117
199.4807
217.3123
223.5129
218.3681
222.2979
216.7087
221.9368
210.6655
215.3673
225.0385
238.0717
239.7306
244.8691
246.6268
250.1691
251.5747
262.8662
258.0986
264.3508
265.9638
282.5932
272.3655
266.5168
263.0037
265.1489
255.2189
247.9017
247.9901
229.4544
223.8776
229.3407
236.7145
242.2449
223.0857
209.508
201.2267
199.2051
178.8788
174.1072
163.3495
167.2724
181.4072
188.2154
183.1304
182.9213
180.7809
168.4033
164.5438
168.9629
167.5584
166.0204
169.2025
167.1747
178.8329
179.9995
184.3568
189.5823
173.5758
172.6935
175.3274
182.0294
181.1875
161.9056
168.8743
156.0793
141.2649
145.2448
137.4371
151.8769
147.3355
155.6584
154.3279
147.4767
145.7157
167.1635
181.5386
169.0538
161.2775
147.4671
143.6534
152.6129
143.0209
161.4586
155.7641
142.5046
148.5322
150.0381
148.4148
137.4862
136.402
129.429
129.7426
122.3843
132.5878
121.4831
115.3015
114.8877
117.3796
111.8699
119.3459
112.5417
113.2755
131.7443
137.4779
109.8988
110.3686
96.31529
118.5705
147.2556
147.6996
162.62
157.6839
167.6231
175.1991
176.2269
172.6477
162.0993
162.3844
147.4346
126.1444
124.3669
117.6076
109.9551
107.6459
107.1543
107.6704
116.2385
111.838
121.3915
116.8454
114.883
102.8643
96.78388
84.857
105.7569
101.6541
92.00407
106.9885
106.0692
112.7968
108.7564
100.3889
107.2864
108.9922
114.1252
120.9284
127.818
126.5725
129.6234
110.7248
120.8218
104.5048
99.99404
90.2611
92.55274
84.51769
73.59433
79.96069
63.83351
69.68821
73.99824
91.33925
105.662
104.6508
105.9494
107.0404
109.427
99.41985
102.5332
98.35626
90.9444
102.2525
97.70756
85.89185
76.96155
73.67691
67.06306
81.27927
78.10343
78.82897
70.50718
78.92209
75.71473
51.59079
48.77461
61.43343
67.79626
80.08611
93.46548
115.285
108.7583
108.1613
115.2119
123.7811
118.7307
128.3722
130.8472
137.261
144.7411
150.2942
153.8668
156.0275
145.3093
157.1037
158.9722
151.5399
158.086
162.178
140.7919
135.1892
137.375
123.0448
117.1552
111.0006
99.68365
99.92818
103.4427
109.5888
98.26247
93.35392
101.7035
116.0551
109.7578
108.7477
113.5477
141.6798
146.4594
160.3926
157.1506
150.0691
172.299
189.5584
189.015
166.9233
163.9965
173.0302
169.4512
151.53
152.3619
159.1367
161.9014
156.1518
155.5771
166.5355
151.874
158.579
160.8799
168.6097
175.3724
167.908
181.7175
171.5579
163.1576
168.3676
168.065
160.918
154.5473
161.3257
176.1437
192.0511
216.9188
213.7935
223.1108
216.5553
214.4401
211.297
199.7883
208.8239
199.8908
208.9096
185.388
171.6732
177.2843
185.2485
197.2869
196.8091
188.5886
186.0382
176.4212
185.6226
185.2151
189.2742
187.6258
199.9856
208.6064
201.068
196.0738
171.7938
152.7328
156.294
161.8642
155.4252
150.6562
126.1389
129.9374
147.939
142.0224
118.8098
127.7271
123.8244
131.8984
131.2403
134.4244
133.1303
128.6496
152.9606
158.3605
153.001
168.1836
163.8313
166.0358
159.5453
164.5162
161.9619
158.8786
163.3654
166.6411
173.8509
169.8182
175.5542
174.1704
188.2234
188.427
177.2229
178.3809
167.7388
175.4661
181.4713
200.5524
206.5876
203.0578
196.3457
196.9666
191.7085
203.6332
228.4614
233.2047
241.5284
242.0167
238.1003
255.8708
244.2099
243.9753
242.0551
244.0269
228.5383
234.9968
241.0797
257.6595
261.6619
247.6584
240.7471
230.4762
215.2385
196.1452
192.3264
195.9403
186.2622
204.5179
199.5026
195.9911
187.6644
193.9209
196.9552
196.0465
195.968
184.136
179.782
175.1362
183.1367
171.9117
186.9462
158.1666
155.6997
163.8646
163.1168
164.2205
175.902
166.2286
171.3589
159.4476
161.4555
158.3272
144.9559
136.0326
149.503
155.2539
148.8145
160.1596
172.4224
179.7243
174.4842
172.3676
174.5188
184.3973
197.0781
180.8243
164.1588
170.0175
173.0545
172.8596
175.5964
176.0531
189.9887
186.6069
173.2941
165.6152
141.4909
150.1497
160.4836
156.0114
163.4084
140.2731
148.8385
153.0808
160.8355
161.9151
165.8565
159.9755
166.8928
155.6181
151.1677
153.6328
164.1153
142.1569
160.923
183.7961
185.7097
184.8375
188.1222
198.5687
196.5368
216.306
215.7704
204.107
208.1488
204.5364
198.0895
223.6528
230.8305
244.8825
239.7898
215.6049
207.0429
206.5672
207.752
185.552
175.5078
179.7129
156.5855
142.1362
147.7451
150.9553
146.5216
155.7531
160.2863
176.066
179.8864
172.1461
163.3751
154.2719
144.4437
144.5924
130.3229
110.0997
117.9072
132.4614
124.9241
133.5528
119.1112
129.3157
129.9377
131.5008
116.9243
100.5578
88.74684
84.47521
105.6263
115.6511
109.5741
104.9461
106.7606
117.9001
121.8316
126.0217
119.3574
106.6783
98.79597
111.5353
117.1608
101.816
116.0595
118.9582
112.4379
90.94217
83.04575
82.29359
72.25018
92.23862
96.20603
85.75877
73.3377
86.66805
95.27266
91.38444
87.29305
70.57371
66.282
77.16811
72.32819
72.21395
84.59014
78.21713
83.50919
94.19399
102.6831
108.4535
102.3425
95.05374
102.4046
101.7732
92.64678
109.677
103.5662
106.6274
111.5754
125.8981
114.6156
121.1513
145.5664
147.7767
166.7875
165.0353
168.0054
170.2895
181.6495
179.2552
188.2461
179.3573
193.1685
181.5658
186.2719
190.4375
187.0175
185.6429
168.4929
191.4061
187.703
206.0684
199.2005
206.8647
214.5453
218.798
219.685
214.7517
205.8238
203.8379
205.3345
214.6101
199.464
206.397
206.208
205.6173
196.6975
198.1523
213.6528
211.595
216.3636
206.5886
192.2913
203.6649
197.3097
177.8363
177.2333
170.3704
181.7104
180.2552
163.4557
165.4594
157.6652
145.2331
154.4723
164.0076
155.8502
148.0988
149.0946
143.0487
154.0021
165.9594
181.1094
177.8495
190.6369
212.4695
201.5809
215.3475
212.8914
224.2576
229.164
237.053
227.7489
250.2358
242.0154
253.3943
232.6615
229.6829
245.144
254.9968
258.9424
282.6837
292.3332
282.5235
267.478
286.0293
277.1301
272.1507
263.3672
240.637
236.5613
228.4441
242.4085
224.2713
224.18
227.9536
237.7619
231.0884
239.6069
234.9902
234.4741
237.0966
240.6237
233.3036
234.5
217.6258
211.6466
186.9673
184.0171
183.7441
175.2179
155.2159
148.1179
143.3316
163.2125
165.8181
171.9453
188.096
180.1131
163.4002
159.0254
151.4204
140.6444
149.5928
160.0448
169.3781
165.6763
162.9427
176.8438
172.8517
175.5522
171.0095
165.9822
153.8509
139.6122
123.5834
111.2957
117.5263
125.2623
142.0618
133.3861
115.936
118.1931
91.94244
92.56293
93.24433
86.64365
90.93907
104.0196
112.276
106.0045
111.3914
116.6796
117.1572
109.2735
120.1586
132.9565
137.1824
129.015
121.6533
121.1985
148.0868
158.1043
166.8825
169.0587
161.5724
145.4503
134.8311
139.491
130.3726
117.4695
112.958
131.7149
125.2877
102.0701
115.0304
110.3822
115.9285
132.3303
131.4164
139.5752
127.127
117.2424
132.2808
132.4714
117.158
127.6554
128.7319
114.1374
123.0564
95.69927
91.31637
86.53021
98.54957
101.5993
128.4879
134.4716
130.4654
130.0011
123.1332
118.3864
119.1363
136.4836
119.7516
118.6867
133.2639
123.0234
110.69
111.8923
118.796
121.9662
125.7742
132.982
147.071
133.5068
122.9579
123.4951
125.2209
129.1724
127.5029
134.962
136.999
129.2656
128.0197
153.72
146.3254
143.2164
129.6759
117.9565
116.485
127.6464
137.8896
140.1354
122.8171
109.7452
110.2263
126.062
142.4371
154.5611
146.707
148.2971
144.7355
138.9149
138.2488
142.4314
163.7286
161.2983
160.075
157.8727
147.8418
158.8135
151.7037
164.2564
156.6842
172.683
155.7953
159.263
169.4375
160.9353
168.0692
155.5948
157.0313
147.8171
153.7246
155.9265
159.1375
164.3258
163.912
172.2214
162.8523
173.7149
182.2892
177.3889
165.4987
160.5442
156.0938
148.2519
146.7305
155.6015
160.947
152.177
153.8717
152.0903
137.6159
147.7906
160.2325
168.8837
172.8277
168.9651
166.0268
166.3618
155.8479
158.585
144.8793
138.4807
129.3122
143.6366
124.7602
120.9777
126.8688
107.3956
98.45304
79.03372
83.78176
84.66084
101.9771
108.1954
111.1607
117.7041
123.4235
132.9045
130.1882
132.6298
134.1769
120.3013
135.5921
118.3251
119.3108
106.9059
110.1716
108.6912
115.1446
107.5858
102.3442
83.11186
100.6319
94.53891
76.47013
98.88165
95.46147
105.3562
112.3771
125.5923
123.5676
138.9217
132.5091
122.807
136.7661
131.0327
130.5071
142.9498
139.7801
136.5496
150.436
135.3354
116.6855
119.8602
119.6138
121.5406
113.6581
121.8786
142.4215
124.7349
127.1652
143.033
150.9111
136.9285
147.3188
160.2205
147.6191
142.8784
151.071
154.8692
143.5374
137.9469
135.3909
150.8183
172.1024
177.6679
175.7461
187.3326
191.9819
204.5105
194.0494
196.4865
196.2963
184.1914
175.9322
167.223
170.6715
173.1803
157.4295
164.2175
160.9113
148.4938
151.3004
160.3102
157.4924
165.3084
168.8248
171.6086
168.0968
159.3166
155.6773
158.8285
138.081
125.2396
122.8443
126.0349
120.2755
102.8593
117.4047
128.3602
137.0858
130.0501
150.9921
144.6571
129.047
129.7897
140.4008
142.7918
130.2709
136.728
136.3546
140.4555
150.8887
137.7679
126.8528
120.9974
124.1313
127.7111
123.157
137.7154
132.1535
118.0894
112.4215
114.2019
126.1062
119.7029
129.5813
127.6452
145.4024
147.6673
160.9567
169.9492
153.4999
166.708
161.1859
166.1068
161.4978
143.1976
146.6932
129.4959
143.1409
149.0124
142.6644
141.7106
153.1195
143.1544
137.556
128.3937
142.2433
145.2444
142.3089
158.4309
165.4193
170.5903
179.2366
180.2587
180.9402
189.8303
193.8242
198.2332
203.2264
196.2967
192.9682
198.7728
180.0843
185.6561
184.2971
181.2071
155.4442
147.7537
164.3473
147.7377
154.5174
164.6125
169.5465
153.3727
146.2842
131.9471
142.377
148.2707
148.3968
144.1108
145.015
152.5824
155.4638
162.4527
158.745
154.5544
145.891
136.7499
141.7096
147.1861
140.7398
144.7999
151.616
145.2436
148.8083
155.9463
138.8389
151.6733
158.8767
171.2622
176.1503
177.4922
177.3407
175.7159
151.9153
137.8922
146.6712
141.8264
146.9665
145.792
156.3859
144.4215
149.2707
139.5196
135.3525
136.7739
142.5486
122.0165
113.2375
103.1563
111.5159
102.745
107.0671
106.884
121.4629
141.1486
130.2456
132.6215
135.0231
152.3052
146.9287
142.8501
134.4599
142.8171
152.8536
153.8393
151.6582
154.2751
150.8894
159.0524
161.2183
140.8962
142.2723
146.8807
160.4232
147.7562
117.7637
114.1729
118.3894
126.9747
131.1836
134.3219
139.531
136.8665
137.7762
151.1151
152.6128
148.2224
139.8212
137.1572
144.8184
131.1943
133.4017
141.3379
140.6284
139.7493
146.1408
142.1658
127.7213
127.9408
125.3997
146.3382
154.9811
152.3345
161.0102
165.916
153.3946
145.6458
146.5875
146.9746
150.2698
160.257
155.3859
141.5161
146.4093
155.7504
165.744
164.0339
156.619
165.217
152.0968
162.2081
163.011
159.74
157.4599
158.7627
154.0445
154.4475
170.2638
165.9597
161.0896
165.309
159.8921
171.6879
177.5609
162.256
169.7325
147.3029
141.6627
114.1738
120.0225
135.4882
116.3492
124.5663
121.0507
127.7165
128.7151
138.9205
142.3226
132.5484
133.7913
123.2486
126.2425
149.8658
157.6982
138.1349
148.8079
141.2006
157.5227
150.818
164.7121
161.0758
168.8606
174.9666
166.561
184.8222
181.919
190.351
196.1237
186.7693
177.1713
176.2195
180.1774
159.8947
165.5566
174.823
186.3231
185.3617
185.39
175.9768
181.206
180.6179
192.7694
200.5705
201.1172
198.8041
205.4825
202.9925
202.9143
217.4422
205.6365
214.5672
234.0269
240.7402
232.0213
227.1694
249.0049
244.0895
244.2954
233.9678
224.7559
228.5584
219.4562
216.0643
214.7465
228.6231
228.7862
227.8726
227.2815
229.7077
223.2292
229.4528
228.3633
221.0852
221.1994
206.3274
204.6492
191.9075
200.8269
201.8063
206.019
195.6821
185.0218
201.6064
202.3753
205.6368
212.4741
201.4987
200.3173
206.8736
207.6157
203.7443
208.877
208.3011
207.8768
206.9443
201.7881
194.76
207.8264
203.2103
198.4391
207.6452
197.5369
194.1974
196.2754
180.8894
180.3607
191.8903
185.4175
190.7874
187.5414
188.0029
176.0236
188.5394
190.488
173.0868
176.1043
169.3736
161.1666
151.4541
149.587
159.0558
156.4195
140.5006
111.6553
102.9883
89.75849
99.59837
95.97269
84.51067
90.37152
78.31825
85.57671
77.36115
67.8516
50.40161
41.73461
36.0592
29.26494
35.66574
60.74101
51.17366
49.17041
63.74643
61.53847
59.868
61.92145
66.32029
63.53039
54.86934
50.39905
71.15553
78.3883
71.85201
74.16365
92.90668
92.77778
85.99138
98.9688
94.06181
77.00488
71.80078
82.82564
106.1968
107.302
125.5106
125.0429
129.6678
136.1587
133.3485
150.1258
161.5312
160.0296
174.0767
174.3579
167.82
178.4635
177.8348
195.2831
208.9277
196.4958
201.3152
194.4646
194.8199
212.3192
206.8396
207.3351
208.09
201.9095
212.0168
197.317
213.0059
230.878
227.2261
227.2345
220.3904
227.2874
233.8016
236.0184
222.69
204.0066
194.0502
198.8086
179.5422
188.5752
180.5447
188.3979
175.8607
180.3442
183.5567
195.52
197.9209
203.3929
204.1582
198.0848
200.4073
185.5214
181.2088
155.3469
135.1662
130.337
137.4367
143.6554
143.2806
140.055
136.314
135.6904
152.3156
153.3734
142.6974
164.4766
140.9504
143.0145
154.3282
163.6508
156.0901
154.5903
149.3336
135.1434
129.4488
117.9009
118.8567
113.6715
109.0519
126.1377
150.1738
156.9921
154.0492
175.3779
167.1312
160.6599
164.1184
158.1001
163.0561
161.6894
140.3951
129.6455
145.9596
148.1305
160.8374
159.8555
152.531
140.0688
124.194
136.1113
150.3279
131.1968
142.8745
136.444
134.2881
129.5996
127.1062
117.5437
125.1607
119.9734
117.8025
110.2532
103.9383
103.4274
112.5215
109.6898
101.3338
79.58816
77.88377
69.93083
72.4351
69.32843
70.70346
61.48621
65.53475
74.048
90.67151
86.67061
89.36443
96.75499
92.62759
99.79633
99.20775
102.742
109.3409
114.3034
119.5357
100.3708
107.3459
113.3353
125.5393
141.3721
132.5352
145.0092
149.4212
163.7956
168.566
169.8053
162.7699
160.2437
153.7613
149.0395
167.4186
187.8139
182.3907
176.0754
193.6092
187.6083
178.837
182.3815
181.62
181.7116
184.0185
163.1015
153.6138
156.6584
171.0725
157.1575
156.0654
164.96
161.5165
148.3812
156.1356
154.7496
149.4077
142.5642
133.1837
123.6104
132.5814
121.3282
110.4697
120.1578
112.9738
112.3601
118.5031
120.7046
139.507
132.8187
145.5353
163.1683
171.005
185.5961
194.9952
196.7125
203.8497
218.0727
213.3956
218.3138
202.3717
201.6103
177.6288
176.2257
185.6783
164.6641
163.7695
163.7681
150.7813
150.868
155.1573
144.975
131.3436
131.5844
142.9627
142.5134
126.812
112.9233
101.6103
101.1692
90.91792
90.94453
91.92487
93.96584
92.01696
89.98237
90.32229
95.65605
88.30127
97.31103
105.1141
95.48018
112.8244
111.9947
113.2449
129.5889
116.1823
109.1218
107.3591
97.69534
125.5018
118.6649
105.6908
124.8155
146.7602
149.6553
139.3006
135.9168
124.7685
118.7457
103.0562
91.81991
91.4632
105.7617
107.1889
105.8598
102.5044
79.947
98.9293
94.73744
76.31869
73.66007
92.89427
88.46298
72.13416
69.4551
69.16929
78.43367
103.5555
107.7733
130.3378
130.4985
125.1079
126.0278
121.7498
111.2192
106.1413
116.2767
130.4301
115.6992
112.1772
120.7703
123.0217
134.4034
137.3016
135.7636
147.6495
161.8537
171.3455
162.0073
156.6114
169.1287
167.0105
174.1533
171.5378
189.383
195.1175
198.6358
199.2629
198.0672
207.2302
202.6991
195.1718
187.7713
183.4476
213.9929
203.2812
210.7315
204.3044
198.7793
189.6807
198.0184
195.9554
194.0808
206.8187
199.2711
183.7665
175.4546
158.7226
163.9661
159.5537
161.406
155.8362
153.9021
178.8292
182.1546
173.1417
172.6535
146.6061
136.4206
146.2872
136.9141
131.9865
130.4145
132.8078
119.8917
129.4988
116.0932
112.042
85.99946
94.09166
92.93941
100.4345
107.2536
93.85344
114.6989
93.72558
102.5206
100.6102
110.1492
90.62017
92.48881
79.38059
91.12099
94.41426
112.7239
105.2665
103.7733
111.8286
97.44062
94.70136
106.5033
100.4325
113.2287
119.5792
109.7569
88.13823
71.97666
69.95292
77.34257
85.58495
81.58207
87.14527
91.58901
94.80402
97.63018
87.80837
85.1332
84.51059
96.20186
87.16484
89.43779
96.83188
91.98682
104.5814
118.8154
117.0788
111.4163
102.671
95.80356
88.84618
86.34582
91.41639
105.8243
110.1067
121.2401
137.3144
135.8799
124.5611
134.3956
141.2898
143.8421
143.1373
145.0891
125.9972
139.0918
137.6045
124.1478
125.9966
117.2014
121.1002
130.1637
123.9269
127.7502
124.8205
117.9735
134.3495
148.5962
162.6582
156.7581
169.846
176.2909
179.2016
178.8586
195.6316
192.9226
174.5235
162.6334
158.8835
154.6031
172.0287
162.7915
170.2858
185.773
178.2888
170.5145
166.4584
171.1823
162.3785
165.0825
164.363
148.9762
136.9696
127.3875
132.2125
119.8943
111.2856
114.0743
105.1345
98.27074
94.86755
92.69675
99.79396
100.8466
109.73
134.7616
132.7423
127.051
141.3066
129.6414
141.6439
141.2459
150.5279
142.2894
148.6177
153.5402
150.441
158.1154
147.9452
139.3187
151.9433
149.8156
151.0049
157.9381
148.55
141.4829
157.2977
145.1617
152.1265
176.1066
158.563
162.0724
159.5055
161.5037
159.8914
136.4042
131.1997
137.0089
113.8234
117.7756
111.0954
116.6609
118.0983
131.1784
145.5274
160.0326
155.9404
173.4124
169.0795
166.0985
148.6437
149.3743
153.5288
128.7586
120.0375
110.8188
107.7102
106.2103
105.7785
109.9058
111.3647
123.6883
136.1328
139.6335
127.5288
117.7326
117.2005
119.6633
118.8825
126.238
138.1733
142.3745
135.9762
128.8299
133.5177
130.7819
126.4563
103.3062
101.4234
100.9528
97.81799
95.94919
114.665
99.0618
104.8725
100.5306
94.62034
93.74605
101.6292
