10.41347
12.48746
13.33851
12.79287
12.77456
13.96971
14.8135
12.99605
11.80647
11.49072
13.81525
11.46374
14.57857
11.58405
12.63777
10.23839
10.642
12.2103
11.20303
11.62508
12.32031
13.00263
12.14493
12.19936
10.61007
13.01161
12.29435
16.30589
12.01681
10.92194
14.07346
12.42419
14.98227
12.69551
11.67414
11.01002
14.83936
11.78045
11.46166
11.9277
12.67337
11.2879
12.20645
13.45771
13.36138
14.32401
13.83793
12.67691
10.37159
12.58629
12.51657
11.35704
12.09617
13.01071
13.08668
11.81245
12.6838
13.92082
15.35882
14.09195
11.84248
13.08537
13.93806
14.46282
12.90538
11.44887
12.7622
12.68821
12.43785
11.85443
14.09903
13.0948
12.71902
11.22429
12.83055
15.82359
14.0771
11.51912
11.82584
12.33014
12.73986
13.6773
11.07642
11.84171
12.20814
12.09318
13.25803
13.97584
12.37713
12.31942
12.48856
10.61164
12.78759
13.37945
11.45269
12.96572
11.83609
14.70375
12.57075
13.12842
12.89055
15.68213
13.2759
14.41318
14.3238
15.62301
13.98564
14.59251
10.7512
13.30699
12.38565
13.53011
13.01973
12.81294
11.5895
10.93315
13.46392
10.50483
12.89784
13.90601
13.2669
13.39175
14.14543
12.56158
13.0858
14.35161
13.50742
12.87618
12.71047
13.60563
12.90112
12.85578
11.24467
11.19679
12.62198
10.42614
13.41371
12.25754
12.74267
11.66129
12.51927
13.1934
11.84891
11.70287
12.26489
13.43786
13.6427
11.64068
12.88317
12.28189
14.11504
12.61849
14.23098
11.79655
12.44842
14.10516
11.93157
13.7093
12.21258
13.42933
11.65858
14.14181
12.43198
14.97048
12.3114
15.89419
13.75032
13.00292
13.46903
12.48106
14.23319
15.83531
13.41302
14.03938
11.56738
11.92645
12.89772
12.55818
11.53836
11.84704
12.11624
12.23029
11.96421
14.10008
13.78615
11.9725
12.36829
11.39054
14.11834
12.26737
13.79345
12.14534
12.84112
13.68336
11.87516
12.83335
13.09555
12.24794
14.44281
13.47218
11.53511
13.57591
13.14297
11.77538
14.203
13.46038
13.16911
13.79198
12.71224
12.91083
13.28847
11.77521
13.58062
11.98035
12.53457
13.00025
12.39172
13.10956
12.71705
13.49218
11.9967
13.0576
12.21712
12.43012
13.27125
14.58873
12.95919
11.26396
12.80571
13.70694
13.55874
9.905512
12.88789
11.43451
10.39745
14.69353
10.37358
11.72496
12.38303
15.81179
12.62282
12.37876
12.50416
12.45167
13.46001
12.45082
10.33454
14.97074
11.19502
11.6705
15.41455
12.82384
11.7478
13.76151
12.81972
14.1107
12.03988
14.21997
11.66253
12.78768
14.01732
13.0628
12.76654
13.00829
11.41645
16.56055
11.76112
12.71573
12.7325
10.75613
12.72222
11.52328
11.9404
14.57679
10.50848
12.62467
11.17151
12.05864
12.10765
12.27573
12.64246
12.52053
11.21192
13.19778
10.86554
12.81465
12.99601
11.23442
10.97743
12.72972
14.14031
11.66234
13.67923
12.23104
11.9283
12.22322
12.35878
11.4394
11.83116
13.12062
12.44578
11.96063
14.06467
12.53051
12.35831
15.3255
12.75327
12.67732
9.368611
11.50076
11.64712
12.01579
11.44651
14.04606
11.18016
12.81404
12.6464
11.94725
12.28233
13.52143
12.91357
12.59981
13.37228
12.77806
15.21348
14.36494
13.80846
13.859
14.04651
11.72562
14.9313
14.33525
12.05618
12.31692
11.92473
12.33187
12.66635
10.71135
12.63656
11.35314
12.15152
11.51704
11.97136
13.80344
10.95115
13.1811
13.07273
12.50016
15.02068
13.67136
15.26202
12.43811
12.70166
11.74969
10.69735
12.57754
12.5317
11.96158
16.19339
11.81451
10.80497
12.86152
13.50685
14.13395
11.8031
11.38883
12.66853
15.43866
15.02506
13.47921
14.00896
13.18586
14.19712
13.79562
12.16235
12.38315
11.45525
14.31806
13.50092
14.99805
14.94564
12.67647
13.10068
12.315
11.09993
11.80729
11.83176
13.09788
10.68794
12.59339
11.5117
12.48569
11.49953
13.67367
12.10082
12.48
11.37374
14.24661
12.09205
11.90304
12.75708
11.80343
13.16771
12.97284
14.64528
12.67262
11.07521
10.83765
12.40609
11.08131
10.2207
11.77305
10.28183
11.14583
13.25713
10.88389
15.1263
10.66081
12.69835
10.37545
11.19534
13.09893
12.7798
12.86112
13.17236
14.14641
12.10364
11.95336
13.5937
15.03182
14.14914
11.01598
13.67574
12.24777
13.12731
12.61326
11.88814
12.94407
13.59588
12.62204
10.57964
11.98056
11.5547
10.69584
10.86876
11.2813
13.52136
11.67776
10.83436
10.90816
11.63093
12.34139
10.67193
11.36809
11.96643
13.46804
13.48607
11.4704
10.37806
11.5327
13.44786
13.03881
13.43881
15.24297
13.05979
13.89005
11.35649
11.66742
11.73237
12.08822
13.78553
13.47445
11.7847
13.51942
12.5018
11.92149
11.96857
13.04547
12.322
13.67474
11.97561
11.98805
14.39043
15.33893
14.96852
14.31681
13.10784
11.99998
12.72372
9.764161
13.11083
11.87554
11.95975
15.97808
12.72245
11.26804
13.13383
11.19867
11.78531
12.42214
11.36579
12.61984
11.85295
11.99341
10.73876
10.96935
14.77416
13.03842
11.89911
12.90437
12.98627
12.78089
12.61203
11.75929
13.05723
12.7122
12.08402
13.44945
12.60907
12.60115
13.89257
13.71303
14.63674
13.16597
13.83459
15.03606
11.74253
12.40057
12.03601
12.22779
11.88214
14.81728
10.70439
15.06493
12.06705
12.22389
13.07009
13.40471
12.7039
13.38715
12.45076
12.62743
12.35224
13.50751
14.01298
14.21364
11.03901
14.68217
13.11213
13.47583
11.58782
12.44295
13.33611
10.50933
11.68744
13.85292
12.27466
12.10435
11.26226
14.96686
12.73168
11.69905
13.10601
13.3155
10.17854
12.04719
11.38777
11.39807
12.85786
11.72866
12.58198
12.42513
13.30758
12.81742
11.33773
13.90974
14.34632
13.49211
14.45263
14.25761
13.26494
11.59159
14.25226
12.12898
13.7845
12.06171
12.27867
11.00911
13.60705
10.91165
10.98476
12.37499
12.78692
12.12912
13.33373
12.5601
10.53951
11.15184
12.2
13.83332
12.64641
13.19035
12.23312
12.03127
11.92821
10.83235
13.6286
11.93927
12.04546
12.17864
13.80526
12.7809
13.48463
12.30102
13.50296
12.77469
11.15558
11.18503
10.47252
12.81525
9.996763
11.10083
11.26423
12.7127
10.59328
12.53017
14.12121
11.59672
14.38879
14.76427
13.84133
11.78136
10.45586
14.34948
11.21188
12.92075
12.45495
11.94552
10.66462
12.54939
11.6142
13.77135
13.95571
14.27311
10.20401
11.19773
10.32341
11.05079
12.14566
12.79742
13.06554
13.08818
14.10075
14.29487
12.11438
13.81375
13.59365
12.02071
13.59269
14.07369
11.51236
12.98057
11.73946
11.24774
13.56781
11.89964
12.85003
10.78952
10.86729
11.03761
15.14813
12.47262
12.56824
14.88129
14.43433
15.39306
11.19677
11.53185
12.13642
13.26561
13.46073
13.06678
14.91766
11.27433
11.78245
12.07108
11.19187
12.03377
11.65932
11.01074
10.66863
12.80428
13.56303
12.11276
12.34028
12.37712
16.0027
12.34106
13.25301
12.0512
13.0168
11.83088
12.29688
13.30875
11.7878
11.91569
14.69234
11.90897
14.50582
11.04942
12.91359
10.8058
11.07054
13.78215
13.31813
13.70717
11.43587
12.05174
13.83228
13.14304
14.50149
13.26849
13.85846
14.26525
12.50244
13.2195
11.56362
12.04879
12.92811
14.2945
11.62935
14.70898
13.30928
12.27702
12.7045
13.02259
12.97109
12.87295
11.94466
13.42554
13.96889
12.18052
14.00055
13.23962
13.06331
12.42442
12.65554
13.16696
13.15449
11.75549
14.24079
10.85016
13.34723
12.7236
13.83128
11.44453
13.18529
12.13496
12.33766
14.8831
12.78291
15.42556
12.55986
13.05624
11.79064
12.89995
11.77818
12.74105
11.42839
11.46674
11.74704
12.58128
14.09559
9.790172
10.40969
12.97754
13.14784
11.81225
12.49827
12.04967
14.58928
14.18211
12.52326
13.99152
11.7473
14.19041
14.62377
9.962255
12.89512
13.997
11.78913
15.20441
14.01646
14.62924
13.60637
14.96318
14.50051
12.87436
12.28342
12.5301
11.16047
13.54855
12.90907
12.84635
11.00407
10.97505
14.0463
15.2315
12.06607
12.43846
13.12952
12.55816
14.99889
13.59098
11.12061
10.72045
12.21366
12.29479
11.415
11.31022
13.27751
13.77508
14.02731
12.96096
13.77439
13.6338
14.60023
12.56015
11.64966
10.65625
13.69801
13.10902
12.78298
12.41545
12.44239
12.20949
12.87851
12.91666
12.34008
13.58799
10.68781
13.05936
11.53343
14.11544
11.80319
12.31365
13.08986
16.31348
12.22072
13.54282
12.07827
11.81678
12.01711
11.97831
13.72044
13.89581
14.02039
10.93454
10.90307
12.99349
11.24258
15.82314
12.52006
12.13179
13.6562
11.63074
12.4356
13.23756
13.7563
11.88574
9.182097
11.25094
13.17427
13.06131
13.334
12.04685
11.94231
12.37381
12.44548
10.96411
13.67783
16.05091
15.62294
15.18272
14.27342
14.71819
12.96723
12.11611
13.99873
12.92248
12.71037
10.75091
14.98058
13.58075
15.37045
12.15007
11.37266
12.49744
12.16528
11.1653
14.08321
11.40519
11.49643
11.64928
11.78553
12.6822
13.18339
13.72469
12.69445
13.23759
13.98078
15.09339
11.99321
13.34172
12.4069
13.91777
12.35561
12.57164
12.98439
12.7433
11.50671
10.46619
15.23625
13.05473
12.2596
16.07638
14.21086
12.95075
11.89719
11.54199
15.54358
13.01281
12.30263
12.00749
14.89213
12.20541
13.40112
12.68801
13.59609
18.39932
13.25504
12.13796
12.38503
11.37903
11.86165
11.53853
13.24828
11.57567
13.17781
12.58555
13.33535
10.96586
11.54138
13.22805
12.85057
14.90131
11.93341
11.88274
11.03333
11.60231
11.4326
15.45373
12.99932
13.52878
10.85028
12.38137
10.09887
12.50033
13.14252
13.02936
13.32944
12.62176
11.63699
13.04673
11.20946
11.29112
12.36885
12.73294
11.32666
13.08713
12.27091
11.24989
12.63924
13.33218
13.38046
11.91692
12.56507
14.36413
10.56344
13.28021
11.50132
11.04764
12.67848
11.24543
10.80538
11.23625
14.00624
11.18018
11.73741
12.22327
10.95292
13.92239
12.45297
11.3091
11.96791
12.53933
12.79937
14.52353
14.24178
11.55702
10.7535
12.52737
14.38987
12.11796
13.87318
13.77335
12.76606
12.32453
11.58736
11.33606
12.94585
12.19192
11.47282
14.3217
12.68076
12.7007
15.21064
15.14502
15.92033
13.04913
13.57596
13.47305
13.08768
10.45088
12.14076
12.98344
11.6984
14.16038
13.20615
12.59418
13.1733
12.80559
15.20449
12.157
12.39832
13.20319
11.85983
12.72332
10.78219
12.97171
11.04063
13.59113
11.37624
13.1755
12.2565
12.28432
11.89461
11.30919
14.92148
11.99879
14.46777
12.00121
12.64741
11.59522
10.43718
14.19198
12.87794
12.79626
13.1074
11.53673
13.45226
13.39985
10.4564
13.93517
12.47032
12.31105
12.49813
12.15745
11.68613
11.66591
12.12935
11.83682
13.86493
12.25522
11.71549
13.83241
10.63324
11.71188
13.88438
13.53264
12.3862
10.43281
11.17683
12.80591
14.54161
11.9285
12.59852
15.15422
13.30484
13.41793
11.57443
12.01536
12.0348
13.85233
12.01651
12.54175
11.1113
14.45761
12.54011
13.81805
12.65221
14.46286
11.52615
13.08145
10.74328
12.03143
11.36904
10.04016
11.02729
13.4504
12.47679
15.04066
14.26934
13.61809
11.73149
13.16238
12.77948
11.69535
12.16633
10.95392
11.07378
10.61114
11.18004
12.98812
12.55548
13.19446
12.60132
10.90706
12.7236
12.41141
14.24886
12.87984
12.76635
12.47603
12.14534
10.41477
11.15019
12.7864
11.00597
12.783
12.61689
11.93373
11.3783
13.63116
13.24944
15.20625
13.98658
14.3711
13.53367
13.0341
11.7412
14.62194
10.97578
13.25252
15.58975
12.08831
16.20008
11.71388
13.83103
12.91627
13.51533
13.00769
12.86942
10.48954
11.78671
13.42937
13.45928
12.18785
14.40499
13.54424
13.78185
13.80125
13.37658
13.84544
11.63509
12.74194
13.12868
12.73413
