2536.299
2260.387
2705.114
2254.243
2546.695
2209.427
1610.478
1749.117
1950.442
1631.603
1551.181
1528.999
1375.676
1576.659
1170.459
1069.794
1139.405
1223.536
944.8911
1490.384
1051.191
1345.33
1691.634
1781.994
1703.241
2213.503
2963.444
2758.55
2726.727
2151.949
2346.294
2680.58
3094.806
3627.331
2738.778
2341.73
1909.091
2224.902
2777.071
2326.389
2285.319
2377.918
3161.695
3040.734
3204.561
3215.207
2843.783
1994.623
2213.757
3037.672
2024.822
2374.955
3010.823
2167.7
2177.903
1449.864
2106.97
2502.884
1921.802
1550.277
2077.85
1713.054
2236.985
2775.432
2717.402
2549.041
2447.534
1881.448
1755.36
1396.422
2337.669
1851.149
1998.527
1450.679
2123.94
1856.229
1907.242
1795.016
1664.878
1810.962
1900.588
1513.832
1285.893
1203.304
1360.163
1021.915
1386.726
1329.536
1210.565
1310.261
1141.411
1625.457
2142.291
1697.839
2335.053
2573.028
1624.595
1192.685
1649.082
2111.18
1926.393
2661.586
1853.595
1439.749
1659.306
1914.142
1545.062
1580.357
1718.041
1801.905
2658.102
1887.583
1070.428
1633.617
1704.52
2025.179
2230.643
1563.573
2306.498
2497.428
1734.472
2040.899
2433.972
1831.445
1203.657
1261.915
1816.862
1461.424
1143.727
1111.138
1118.792
1202.41
1705.062
1816.236
2039.184
1631.731
2017.276
2763.231
3657.457
2434.332
1350.89
1458.926
1274.148
1047.755
1033.547
1234.749
1292.132
1154.516
1493.03
1560.357
1772.269
1765.489
2030.22
1704.333
2249.63
2663.383
2700.508
2867.73
3428.145
2642.891
3049.864
3718.685
3482.048
4834.177
4524.878
5158.027
4611.943
3549.304
2667.147
3268.532
2172.786
2733.781
2120.524
3007.327
3132.233
2842.069
3303.158
3084.059
3816.331
3858.635
3460.7
3700.558
3295.07
2370.693
2605.919
2907.594
3478.582
3793.723
3569.719
3108.346
2943.655
3912.579
3453.991
2576.036
2606.241
2808.901
3244.835
3867.473
4338.873
3706.102
3801.765
3945.936
4768.962
4015.114
5056.36
3674.305
3529.957
2456.694
2199.237
2028.376
4232.911
3390.602
2866.603
3408.442
3234.688
2390.775
2216.173
2379.951
2213.322
2050.718
2041.415
1647.074
1391.542
2318.727
1869.856
2122.264
3314.343
2565.8
2568.061
2752.988
3648.453
3726.308
3640.958
3288.651
2488.214
2154.476
1478.637
1279.758
1434.6
1015.656
1407.047
1662.176
1284.402
1486.232
1801.909
2144.695
1630.303
2059.932
2770.939
2821.242
2063.073
1394.148
1908.989
2285.02
2163.219
2426.514
2052.932
1573.592
1772.706
2510.88
2097.063
2564.164
2009.73
2646.507
2165.421
1853.743
1534.719
2059.06
1915.643
1833.757
1602.854
1915.265
2094.957
2540.602
3237.334
3015.049
2630.313
2736.235
2372.61
2092.15
2339.791
1944.608
2560.355
2205.493
2020.846
2735.544
2269.191
2784.485
2339.015
2929.947
2787.971
2016.235
2014.035
2948.056
2609.006
2477.139
1993.06
2092.799
1631.287
1786.153
1667.714
1743.758
888.4858
1450.582
1721.713
2029.314
1618.786
2275.167
2080.324
2050.907
1922.501
2040.802
2028.304
1728.788
2304.314
2596.375
1868.875
1799.66
1423.112
1608.552
2583.549
2583.138
2372.276
3183.877
2549.517
2281.297
2433.11
2115.362
2281.035
3060.457
3300.479
2266.695
2200.799
1534.36
1567.602
1360.134
1595.205
1852.247
1757.938
1837.874
2567.801
2375.621
2134.807
1964.532
1872.93
2120.086
2552.384
2087.632
2122.741
2125.679
2257.379
2738.49
1700.096
2004.644
2050.691
2862.475
3763.843
4102.964
4662.844
3733.517
2336.619
2321.96
2047.878
1675.666
2207.698
2504.581
2823.396
3053.789
3143.326
2724.757
2496.054
3290.939
2483.362
2808.427
1637.217
2206.226
2661.215
1719.472
1450.741
1873.95
1754.819
2088.952
2580.718
2429.688
3102.915
2965.543
2671.922
2829.351
3099.224
2613.861
2860.14
2822.028
2343.693
2128.17
1666.276
998.2992
695.2711
680.7204
526.9735
533.5035
844.2654
1254.32
1811.707
2069.516
1588.17
1923.098
2020.138
3324.042
3866.832
3308.976
3536.699
4241.816
5655.441
4464.263
2754.592
2359.041
3343.26
3673.74
3706.386
4601.384
3233.879
2583.556
1955.161
2046.696
1835.435
1994.472
2420.326
1881.205
1903.719
2102.411
2507.928
1944.745
2525.161
2212.234
2662.954
2033.752
2493.965
2148.716
2212.067
1980.213
1215.577
1539.544
1583.628
1876.13
2132.422
2289.941
2083.086
2753.426
2683.934
2680.901
3068.238
2435.777
2182.728
1791.37
1151.554
1203.85
1512.476
1469.125
1632.564
1616.426
1755.707
1994.745
2330.144
2569.38
2658.044
2827.38
3536.152
3660.826
2710.332
3003.611
3378.443
2509.874
1901.04
3281.409
2528.501
2195.545
1743.308
1740.633
1705.486
1216.884
1250.321
1493.05
1387.031
1986.875
1655.075
1592.469
1195.846
1314.418
1206.176
1509.052
1923.813
2630.243
2000.332
2855.069
3065.57
3257.07
2930.554
4930.046
4103.115
2781.568
3105.164
3536.84
3712.421
1996.677
1620.613
1356.158
1181.307
1094.068
1086.243
1687.123
1420.126
922.9081
1545.903
1171.685
1549.469
1175.059
1416.769
2197.714
2359.891
2306.749
2089.796
2203.871
2693.82
4150.793
3658.034
2332.303
2811.127
3656.561
2335.977
2996.707
2730.72
3687.196
4877.256
5240.674
6168.707
5053.19
3255.76
3738.391
4359.171
2910.789
2530.419
2878.042
2978.948
2374.633
3069.349
3324.742
3635.223
3691.281
2640.654
3545.409
2956.202
3465.897
2835.392
2705.874
2269.641
2755.243
3014.046
2543.19
2570.832
2719.549
3305.745
3389.364
4351.976
4439.237
4207.6
3437.39
4221.597
3280.118
3817.44
3886.956
3358.214
2667.48
3169.236
3537.229
3318.822
4361.765
4742.948
5176.809
4577.158
4019.457
4328.634
2730.957
2830.314
3096.955
3010.521
3852.871
2828.958
2542.966
2443.264
1761.863
2543.616
2830.844
2631.552
3049.991
2147.955
1869.618
2425.865
4330.856
5441.133
4188.997
3228.193
3249.034
1970.43
1779.422
1743.314
1663.884
2027.584
2361.174
2882.319
2356.032
2107.111
1665.922
1727.072
1632.514
1910.755
1487.529
1782.119
2554.374
2520.801
1869.13
2926.811
1507.205
1252.425
1780.881
1954.311
1739.409
2045.224
3112.965
2049.302
2187.296
2244.011
2398.833
2607.952
2823.117
2773.969
2012.949
1769.901
1415.63
1591.757
2592.608
2562.61
2286.623
2170.385
1799.159
2208.691
2053.975
2904.086
3721.19
3112.829
2613.392
2570.897
2694.518
2406.572
4089.408
2935.105
2666.024
3319.831
4578.896
3377.593
4389.566
3652.411
3167.406
3303.21
1959.799
1720
1664.515
1883.152
1996.812
1446.822
1090.81
1505.922
2092.205
1839.693
1407.738
1417.442
2044.234
1703.478
3767.479
3488.748
5071.927
4408.072
4273.821
3946.197
5981.772
5976.128
4086.654
2152.423
2376.488
2272.056
2014.514
1698.924
1770.559
2117.962
2419.366
2948.034
3432.5
2321.154
1545.192
1686.304
1789.748
1681.354
1953.935
2526.224
1924.302
2368.184
2665.346
2418.547
2774.004
2514.478
2206.448
1947.361
1454.37
1512.083
2513.786
2237.723
2551.319
2404.664
2065.136
1937.69
1840.776
2418.769
2730.413
3116.104
4322.005
4247.265
3257.637
2823.716
2290.94
2257.054
1987.583
1806.653
2086.923
2836.255
2898.268
2655.793
1897.893
1561.055
1700.961
2392.256
2477.844
2222.749
2505.237
2308.525
2111.23
1564.643
1991.674
2085.871
1942.413
1439.728
1704.649
1313.857
1926.35
1710.622
2152.69
1799.564
2456.466
1991.464
1894.776
2117.781
2877.326
3487.895
2825.157
2369.874
1986.135
2941.705
2269.44
1872.141
2275.667
1971.412
1953.946
1546.983
1856.15
2175.85
1915.566
1955.296
2145.795
1568.427
1334.267
1146.422
1194.19
1183.237
1608.991
1447.718
1249.415
1426.706
1747.328
1063.603
1585.908
1522.946
1434.909
859.0308
817.0612
856.7754
856.1096
891.7249
854.4297
758.1813
1219.107
1275.025
1713.026
2198.821
2230.368
1930.375
2048.022
2204.985
1666.769
2476.036
2022.948
2554.207
2407.359
1878.112
2183.419
1955.929
2278.074
2905.398
2731.295
2259.726
2727.697
2864.994
2918.914
2627.316
2857.914
3271.265
2639.672
2319.123
1603.875
2466.997
2399.211
2254.872
2462.8
2080.328
1525.16
1247.202
948.9925
1073.153
1731.301
1670.078
1860.207
2441.961
2709.548
3508.805
3735.072
3130.595
1877.822
2046.455
1739.004
2161.488
2935.364
2994.936
4264.181
3723.172
3767.228
4866.14
3751.791
6358.402
7424.634
5196.65
4163.059
3078.257
2384.828
1436.282
1454.475
2393.34
2902.669
3001.814
3306.652
2209.963
2867.716
2537.603
2643.053
1988.575
1494.893
1561.247
1939.091
2154.725
2026.917
1280.248
2181.284
2970.556
2456.122
1881.62
2746.093
3398.772
5100.691
5643.912
3402.74
3322.985
3454.523
3669.327
3810.111
4048.809
3759.539
3903.892
3276.335
4880.603
10301.29
5555.995
5317.16
4260.848
3465.267
3013.628
3167.204
3252.024
3385.863
3122.689
2986.959
3244.64
3641.458
3115.07
3346.097
2499.358
3671.079
3266.217
2379.035
2330.8
2824.204
2185.28
2524.206
4183.555
3431.777
3065.839
3567.626
3490.803
2746.58
2363.623
2181.53
2371.13
1977.109
2201.663
2746.903
2682.028
3278.843
2914.239
3182.327
3412.897
2052.715
2274.08
2019.27
2210.893
2393.043
1554.57
1699.795
1892.471
1990.742
3049.902
2423.614
2753.445
2207.289
1765.86
1946.562
1898.072
1757.714
1758.969
1463.698
1679.085
1992.907
2372.362
2243.896
2089.938
1798.471
2077.054
2301.868
2654.318
3528.945
4559.288
4316.682
3374.832
2743.983
2511.937
2135.094
1615.2
1559.247
1454.415
1437.554
2052.469
1826.609
1667.827
1311.478
1518.504
1928.739
2119.927
1796.385
1729.45
1854.048
1767.767
1738.512
1695.577
1312.456
1189.963
1033.321
1110.873
1315.059
1216.358
1001.627
1299.309
1252.156
1516.786
1582.795
2310.807
2312.067
2705.206
3379.091
3583.113
2847.373
2545.138
2302.993
1696.307
1488.858
1909.229
2088.993
2425.895
2211.292
3044.24
2836.246
1991.764
2900.995
3383.177
3421.59
3580.119
4192.215
2887.51
2478.393
1761.166
2146.855
2504.874
3264.898
3393.258
2039.533
1984.052
2290.547
1581.513
1907.35
1207.791
1512.825
1568.981
1976.676
1590.852
2006.192
1893.786
1941.05
2279.501
2756.214
2833.426
2336.201
2160.093
1979.021
2132.685
2618.08
2140.04
2804.608
3651.933
3769.945
4386.565
4104.548
5061.833
4181.161
5358.442
4875.041
3584.591
4181.017
3611.79
2828.377
1816.321
2343.832
2985.207
2699.791
3126.854
2953.375
2553.08
3245.036
2790.787
2498.185
2895.81
2189.338
1824.996
1652.795
1374.125
1014.083
1296.462
1592.095
1350.396
1518.032
1772.731
1702.654
2301.469
2229.777
2027.461
2276.519
3309.387
3273.97
2742.236
2451.409
2722.449
2523.82
2813.197
3487.744
2069.627
2732.798
2312.044
1911.102
3230.446
3277.383
3381.747
3929.18
3450.946
3205.094
2353.635
2850.992
4265.408
5546.194
3317.248
3929.298
2995.009
2453.947
2132.488
1816.133
2035.199
2001.004
2650.437
2483.415
2643.506
1916.526
2178.968
1622.94
1955.608
2004.702
2023.125
2237.939
2142.882
2568.773
2106.467
2459.521
2776.825
2389.239
2960.489
2190.283
2920.806
2882.467
4693.238
4298.134
3210.243
2169.728
1976.685
2475.151
1557.795
2165.861
3123.616
3092.055
2407.73
2899.24
3914.322
3183.364
3508.92
3024.874
2661.347
2653.268
2663.469
2668.521
2344.794
3227.46
2235.867
1879.077
1587.742
2071.696
2060.147
1367.443
1079.28
1472.636
1478.79
1505.377
1332.36
1443.093
1637.061
1249.002
1627.911
2367.046
3285.759
2246.943
2018.733
1743.134
1678.136
1105.044
1424.87
1524.715
2060.734
2345.431
2204.03
1954.945
2450.074
2329.069
1857.61
1460.6
2289.902
2980.58
3600.451
3599.047
2911.26
2210.855
1977.166
1885.363
2650.987
2964.503
1940.645
2185.64
1646.063
1613.72
1608.839
1503.332
1488.928
2352.098
1881.262
2641.426
2069.322
1563.223
1404.46
1171.486
2230.757
2522.275
1546.851
1506.547
958.4864
808.2159
907.767
1006.425
1113.296
1962.498
1880.354
2026.797
3674.199
3021.11
2083.058
2601.536
2744.174
2384.214
1473.441
2589.976
3184.22
2862.243
2428.581
2168.067
1857.272
2106.319
2068.006
1390.116
1530.202
1092.772
1416.531
1380.923
1281.725
1513.687
1429.662
1337.463
1429.634
2083.574
2114.872
2159.163
1753.771
1768.239
2102.736
2034.777
2186.806
1851.948
1187.016
1337.75
2148.619
2128.982
2999.008
3356.175
2731.822
3814.619
5082.008
5628.603
6274.929
4729.688
3214.06
2929.817
2606.53
2884.815
2213.37
1617.902
2392.531
1597.138
1487.367
1922.058
1623.534
2026.509
2069.507
2959.645
2562.436
2716.278
1940.645
2457.172
2344.469
2573.114
2409.246
2434.187
3090.978
2615.986
2556.42
2459.811
2006.146
1736.037
1015.429
822.1488
744.9916
902.2106
1161.24
1088.534
1385.043
1731.793
2713.708
2786.17
3240.938
2922.115
2944.568
2453.806
2497.375
2341.448
2014.659
1873.26
1769.329
1800.667
1918.911
1840.559
1511.409
1707.223
1981.216
2108.7
2875.287
2726.954
3499.882
3335.491
3849.344
4108.514
4463.855
3459.657
3345.327
3072.923
2940.62
2433.117
2643.175
3558.721
5184.713
4863.624
4078.178
4069.118
3562.387
4062.489
3607.013
3740.655
2561.409
3915.915
2878.765
2042.267
1431.462
1411.914
2614.581
2636.719
2230.743
2415.624
3472.441
3930.88
3051.023
3085.8
4680.901
3240.498
1920.598
2772.485
2662.353
2013.904
1890.245
2248.076
1547.977
1330.372
1699.605
1352.511
2329.018
1816.047
2583.382
1605.885
1564.047
1780.162
2154.177
2646.66
3098.425
4176.422
3376.561
2491.974
2544.481
2894.602
3086.683
2887.375
2230.872
1446.024
1970.829
2248.006
1606.62
1374.081
1884.718
2162.315
1409.066
1270.276
1739.757
1748.603
2373.963
3222.868
3239.19
3582.635
2862.146
1669.246
1674.557
2163.369
2047.639
1570.341
1330.925
1543.201
1531.744
1642.945
1718.585
2770.234
2565.84
2731.745
2094.742
1896.121
1382.848
1324.241
1199.809
984.1246
1261.162
1786.219
1777.597
1720.431
1593.051
1870.556
1884.136
2613.597
2106.595
2938.566
2821.138
1956.078
2359.51
2075.771
2772.29
3355.188
2159.25
2091.073
2484.956
2378.865
1935.854
1989.913
1412.365
1305.025
1558.27
1886.734
1961.691
1890.521
1935.18
2056.471
1678.02
1735.901
1571.665
1296.368
1177.823
1535.373
1197.282
1634.07
1898.327
2414.589
3518.702
2912.144
2581.099
2327.569
2654.206
3148.894
2410.599
2343.501
1902.951
2123.403
2143.3
2831.543
2016.246
1772.134
1619.909
1624.569
1478.771
1360.597
1592.361
1491.047
2054.512
2125.185
2409.645
1806.929
1979.963
2392.527
2074.035
1730.162
1342.16
1724.524
1634.16
2244.137
2120.905
1355.957
1103.694
1005.747
983.8437
856.0017
694.0873
968.018
1241.47
1417.629
1885.925
1429.886
1616.239
2478.501
2381.43
3630.453
5307.787
4573.748
3762.576
3329.793
2886.32
2055.731
1983.297
2253.566
2260.803
2805.107
2829.068
2821.187
2889.236
3789.051
2748.413
1719.27
2057.637
1990.18
2382.262
2930.573
2794.163
2614.39
2421.581
3574.712
3405.455
2458.659
2533.263
3145.856
3423.779
4229.77
4317.599
4476.894
4738.1
3638.563
2366.392
1745.547
1683.887
1954.629
2691.051
3567.245
3117.238
3584.946
2783.464
2373.976
2819.424
2532.262
1885.386
1881.562
2083.243
1842.964
2123.788
2432.037
3049.694
3562.287
3805.266
3034.097
2527.389
2872.862
3525.763
3030.958
3917.64
3822.46
3010.432
2443.998
3086.768
3782.647
2891.594
3012.722
2750.212
1733.9
1320.635
1013.831
1090.447
1407.629
1533.674
1709.492
1789.705
1686.129
2049.631
2211.664
1901.365
1770.469
1899.728
1788.301
2065.494
2248.707
2398.915
2605.115
2580.095
2831.679
2562.977
4085.061
3199.134
2975.871
2718.246
2380.061
1868.981
1793.996
1646.24
1393.692
1650.655
1850.881
2384.455
2057.233
1214.906
1140.851
1179.558
1554.44
1788.404
2031.548
2342.143
2420.523
2301.59
2537.332
2010.106
2415.958
2542.574
1775.877
2343.155
2646.989
2712.641
2226.522
2302.753
1852.805
2600.155
1786.277
2185.514
1852.826
2647.489
2288.75
4572.716
4676.004
6609.791
5376.963
4396.028
4112.568
3036.549
3255.661
2818.611
2701.06
1904.993
2916.342
3293.555
2727.316
2495.084
2189.341
2646.713
2033.791
2170.993
2287.63
3134.455
3458.025
3631.545
2895.825
2547.751
2345.568
2161.72
2119.684
2297.342
2124.144
2929.094
2862.347
1691.419
2063.541
1970.635
1815.223
1528.335
1056.833
1560.153
1004.228
1014.834
947.1116
1209.406
1079.079
1431.451
2361.214
2568.97
2599.834
2317.251
2134.423
1944.773
1271.137
1643.195
1525.682
1505.194
2061.256
2033.408
2371.74
2031.246
2220.77
2331.832
1945.906
1934.162
1905.594
2639.092
2724.748
2342.563
1933.523
2015.173
2042.999
2576.86
2329.055
2731.143
2629.953
2892.949
2668.387
3786.977
3789.161
4735.327
5598.951
5124.267
3373.705
2075.667
1850.498
1872.982
1542.814
1707.541
1365.905
1585.74
1584.44
2519.002
1643.199
1692.251
1805.327
2046.381
2546.457
3242.803
2546.814
2204.881
2792.056
2383.179
2622.759
3696.96
3426.837
2846.362
3214.293
2377.322
2211.419
2726.063
3228.878
3139.986
2527.753
2575.284
2656.482
2190.179
1490.373
1346.15
1614.753
1726.231
1529.074
1293.46
1501.521
1095.304
1000.663
1083.346
968.4181
1193.863
1480.035
1188.577
1233.132
1195.263
1289.634
1758.843
2396.813
2556.988
2806.366
3336.1
2632.05
2121.567
1589.299
1705.128
1841.674
2390.23
2583.025
3134.497
3753.025
2500.369
3849.481
3614.979
3524.72
2679.819
2572.322
3769.388
4115.166
5964.011
5753.95
4904.548
3985.673
3244.37
2741.436
3274.684
3314.244
2804.544
2745.409
2833.802
3582.25
3969.867
3713.105
2838.866
1942.047
1720.971
1499.704
1872.088
1779.298
1619.633
1781.304
2309.216
1709.632
1936.045
1695.275
1944.659
2886.324
2322.318
1571.806
2355.881
2234.399
1869.584
2203.953
2207.821
3357.12
2946.446
3471.908
3488.061
4091.057
3612.425
4584.638
3355.551
1916.107
2278.873
1705.148
1733.072
1866.297
2385.259
2379.215
1954.604
2062.504
2082.594
2197.743
2538.184
2594.301
2886.94
3384.586
3169.778
3432.757
2878.337
2673.012
3035.386
2136.285
2236.933
2585.757
2720.714
2369.156
2354.312
3171.847
2806.825
2390.931
1551.624
2469.683
2382.186
2622.587
3076.122
2762.059
2223.883
2333.654
1810.392
2364.058
2226.587
2150.298
2269.627
2017.24
2124.752
2175.724
3058.799
4044.564
3395.115
2903.068
3936.766
3547.464
3659.786
2711.853
3031.622
2470.265
2785.125
2849.715
2767.622
2371.846
2349.19
2095.557
2507.345
3799.398
2100.664
2142.244
2846.289
2870.75
2815.769
3729.812
3486.439
4080.25
4422.183
3024.741
2311.393
3110.066
2903.104
2221.475
2471.534
2793.752
3569.535
3475.284
2899.227
2463.505
3022.796
3179.08
2821.379
2131.836
1951.498
3064.286
2393.229
2555.425
1990.207
1949.458
1341.95
1438.735
1866.606
1796.895
2128.94
1760.314
1795.196
2406.592
2189.255
3312.494
2173.723
2081.235
2703.746
3701.847
4101.766
3515.654
4344.903
3924.329
5141.56
4660.288
5147.722
3947.865
3333.084
3273.163
3267.057
4213.18
3537.721
2966.51
2805.238
2790.309
3872.494
3198.628
2459.402
2521.507
2106.887
2123.718
2115.128
1290.478
1637.362
1162.832
1394.378
1084.301
1687.208
1485.634
1404.436
1356.051
1725.16
1993.395
1745.219
1282.58
1552.003
1494.475
1753.869
1931.588
1946.439
2244.07
2183.434
2730.451
3476.458
3257.174
3890.784
3253.749
2279.747
2228.774
