144.2015
144.9924
151.1889
154.2517
143.1224
158.5662
155.3201
137.5067
117.5286
107.8698
113.817
114.632
121.081
127.1312
125.2359
113.9155
110.2294
123.1873
130.7103
124.4639
117.6487
109.4959
100.0972
107.3777
100.1707
91.82049
85.02125
65.31661
79.6325
65.61467
67.68804
66.83503
75.53663
88.72199
85.37879
103.6822
102.6431
92.49702
104.3193
116.4912
107.4046
100.181
92.15955
129.1707
121.7569
126.4225
123.0404
126.9028
133.8277
156.4093
142.8911
149.1246
158.1132
168.385
175.2323
183.3506
172.3527
174.6851
164.6847
173.5154
160.163
165.3649
160.893
152.4457
144.2244
119.9884
133.6361
133.7581
131.8592
124.4129
119.5566
112.7947
109.2138
105.865
96.61685
79.90951
84.16302
72.50474
71.40148
70.75764
68.06521
73.59007
66.06027
66.07793
69.06108
81.02172
76.83252
59.12264
61.62406
63.113
68.72587
79.08476
91.72142
82.26401
80.22809
72.36376
87.52149
93.1035
100.8997
87.88512
91.63143
98.18869
89.74651
91.14425
102.0921
94.73438
92.41123
101.0155
93.25147
79.29483
94.95233
91.57504
96.1191
108.1897
80.78741
109.8576
106.8352
109.641
99.53551
120.1537
132.0448
122.0081
135.7526
138.3442
116.2758
125.2754
107.2539
95.13212
89.59718
86.62317
95.20117
98.35342
96.223
105.3285
121.1114
128.8912
113.38
120.7882
133.192
134.0544
123.7654
129.9924
134.6156
127.3495
116.5475
126.0431
118.7757
121.5966
130.4604
137.543
135.0947
139.8899
128.2023
141.2566
118.6779
110.1161
110.0444
108.424
102.4828
99.64919
103.61
102.1269
117.0291
99.20021
101.2784
103.2339
102.3183
117.5506
123.2984
135.7603
134.4948
141.9186
142.5869
136.2755
136.7329
126.7653
128.1072
139.7847
130.8151
135.3287
137.335
128.6015
147.809
163.4404
162.7153
157.2189
175.7706
176.2485
191.4051
185.6379
170.917
190.194
191.9176
172.5766
171.4609
173.3946
164.9999
149.9008
143.1849
152.5369
142.2632
135.4357
133.2319
134.215
156.1331
154.9921
147.5435
143.2
130.0301
128.3628
150.9177
155.402
163.7106
169.5863
175.0757
173.4602
163.1886
168.6294
167.3033
179.2628
173.5038
161.6736
148.8747
157.0152
172.8209
169.223
179.3139
161.7798
159.294
146.0237
145.082
139.2824
122.1925
119.5838
128.7562
128.7836
125.9197
124.9508
124.4982
117.9172
121.1853
129.9346
128.2569
134.9648
141.8344
150.0895
152.7527
143.4863
135.3163
142.0995
147.6127
148.5091
154.0166
168.2804
156.1385
142.7746
130.1754
138.6643
140.927
128.8081
121.5696
130.403
125.0508
125.1629
127.9188
137.7892
126.8432
126.5361
128.8789
147.0352
145.2824
149.3312
149.4241
145.7197
150.2186
157.041
151.0842
137.682
139.9446
119.1197
120.3313
123.6012
140.3775
122.1514
126.6383
129.4262
127.5153
119.0943
124.9513
154.8257
149.8884
138.8507
136.9643
132.5323
135.2851
147.4517
160.9111
155.9475
152.0629
152.0014
150.242
144.808
152.7681
154.5237
151.0919
167.1686
151.3705
161.8281
171.1891
168.6336
157.7274
153.5639
141.3741
149.2704
163.7784
166.1285
165.2609
175.6929
178.2607
187.5225
208.3247
213.51
203.9988
219.1054
209.9721
216.0849
225.5068
209.6132
195.5596
198.8547
198.5509
189.4325
173.2775
173.963
190.7217
203.4919
213.0698
198.6869
204.4617
198.4283
198.8875
212.9339
223.5091
237.4362
229.1081
230.0056
242.6529
254.5865
236.7533
224.477
223.674
232.8893
221.9028
217.2594
219.9658
217.6306
205.65
228.7972
207.4068
199.5348
190.6682
182.6674
186.814
179.2076
178.1676
189.5842
178.1325
169.2506
153.0406
147.5958
141.8367
139.9914
119.8674
116.4721
123.2225
141.3373
130.1099
118.5283
113.5257
122.7815
116.8348
114.8725
132.2787
135.1733
122.9593
113.7735
125.8601
125.0928
129.7147
130.0976
145.7319
161.8345
171.9948
168.8208
158.818
180.1199
190.3697
176.5193
178.7969
197.5922
203.5027
203.7414
200.3156
193.8661
209.6898
194.2831
198.5067
214.2164
217.4081
212.9621
212.4822
197.3064
210.879
212.8793
201.5552
215.4203
232.0434
231.9726
241.1931
226.5526
246.772
248.8426
256.828
246.0726
245.3184
250.1321
245.2951
255.0785
245.0528
255.7773
259.816
256.5783
245.5963
243.3899
248.1562
253.5196
241.5596
243.0265
244.3069
242.5222
258.4021
273.2482
261.7996
261.8163
250.9224
246.3391
235.491
247.8641
254.8023
237.7809
233.8424
220.4918
221.6253
230.683
243.9876
231.7586
239.2364
239.356
217.7716
205.2744
214.4437
210.3654
206.0511
204.5648
193.825
191.1509
184.0846
186.5309
194.1958
184.6971
182.8484
182.8471
188.5895
173.6451
168.5192
164.5827
166.0256
135.4845
140.448
140.0474
149.2372
139.157
152.6068
153.3431
165.0355
163.7516
168.7844
166.9394
161.0305
150.1681
134.5617
138.4829
139.9199
144.4155
159.7246
145.8392
153.5411
154.0801
155.9571
156.6194
164.7184
177.5098
186.1145
187.9801
183.7499
190.2816
188.8005
184.6239
178.269
179.0719
185.3733
179.802
185.8657
191.6206
188.3923
184.6448
180.2279
170.8417
173.2203
159.6055
168.919
163.2427
150.1472
174.0215
176.7746
178.2937
170.4258
177.939
175.4668
174.9297
175.1232
174.7426
172.6184
171.7669
146.3443
159.3731
172.6553
187.9563
204.6413
198.4159
187.4527
179.4761
169.6791
169.107
165.2926
150.4726
156.8413
156.3197
151.6435
161.2643
157.0614
151.4954
141.1967
153.1602
131.4466
127.9155
108.7006
97.47223
114.6335
102.0288
98.78988
97.23102
99.4688
126.4314
112.9712
117.6719
118.5719
107.389
108.3226
140.8906
135.7958
152.3398
137.8063
141.9672
137.0884
137.489
127.6516
127.1023
132.8193
134.3822
140.2081
127.1589
142.5872
134.6809
122.7744
114.9653
104.1832
105.0301
125.8507
136.5084
152.2397
158.5416
141.7494
140.7641
138.5674
127.0166
123.9612
114.8381
105.4716
106.6886
97.85692
114.7727
127.3738
121.4918
126.863
114.8097
122.6666
116.0439
124.7262
119.4551
135.9069
130.9291
137.8425
135.4971
140.4115
142.4499
128.1941
123.9771
142.2995
146.0985
147.7179
153.0749
164.1376
161.4462
165.1393
155.0377
147.5331
174.1781
182.0527
187.2621
197.5042
177.258
184.6481
164.6746
161.3265
162.9355
144.0207
160.1006
151.09
148.6331
172.7298
175.9584
164.9041
168.6958
172.6775
176.4393
181.4784
171.0415
177.3252
168.7319
163.1098
148.5753
142.8679
135.9023
145.2779
145.3378
140.36
146.8217
145.2982
164.6501
177.691
179.1199
156.848
163.5305
162.5022
166.009
165.3662
160.7271
172.8517
189.8281
207.6277
200.2588
210.2244
206.7947
190.7503
183.8595
191.3985
179.463
180.4684
181.9257
198.2473
193.9209
191.5012
191.4931
193.5178
174.4712
171.6707
183.0511
191.3858
200.6732
207.1155
189.8294
183.153
176.3583
199.4987
180.5519
179.573
175.4036
176.1825
178.7801
177.7725
179.1423
156.2953
154.4022
144.5243
150.1631
163.6163
173.7204
175.9191
177.8911
180.5516
172.3317
183.8887
175.5894
173.2551
171.7012
158.5896
167.1266
156.6724
166.6979
165.9383
166.671
149.6824
142.8764
156.0268
155.5273
134.8069
128.7418
117.2373
130.6816
121.0426
121.855
132.8491
127.6649
132.9353
131.0965
125.2938
119.5272
116.4974
111.9692
130.9444
151.2261
146.0171
141.3119
130.7586
139.2265
147.6939
136.2363
126.4752
120.7499
123.8875
128.8427
140.4401
147.5045
132.7788
150.4115
143.3728
134.8231
146.3987
139.4337
141.5501
116.1412
110.6734
126.8522
106.0485
109.9789
107.8527
112.0764
115.8465
126.9505
131.1999
139.7849
147.9819
138.3032
126.9696
137.2851
122.5422
133.5668
141.1523
126.754
120.4501
126.9408
120.3367
142.362
139.5646
126.7277
111.6848
96.13536
97.35953
106.23
98.93284
111.0731
110.4912
110.7341
88.83663
75.16647
70.45398
77.48457
69.26873
84.76791
79.42845
78.17132
75.91414
76.60697
75.73386
86.67684
84.25106
88.77701
82.15317
76.09928
86.62834
89.3758
95.28855
107.5457
109.3313
127.9747
135.1791
135.4544
126.6223
125.4517
123.8688
133.5094
132.7321
134.3365
126.4543
123.0939
109.0321
106.538
111.366
96.21102
106.6393
79.91013
73.65377
69.64719
61.7979
58.66222
38.53055
42.95456
39.43739
43.79007
37.80204
61.11178
69.4515
82.101
97.20359
103.7341
109.8675
122.2013
115.7643
125.7087
138.4888
130.2573
138.5195
142.8489
139.2286
123.784
117.6516
140.7434
134.9897
147.267
148.9188
145.9615
155.7362
171.0864
158.5585
161.1562
167.1531
178.0812
173.1567
176.0471
166.0703
148.4811
154.7315
140.45
135.2547
147.5685
151.3084
169.0731
165.0095
173.8843
164.9733
157.0713
170.6392
176.9683
163.3829
148.2511
160.2216
156.7298
153.2885
161.911
174.8451
167.1216
168.7698
174.9519
184.8917
194.9008
199.1185
201.5143
210.398
200.2883
197.2791
194.6726
179.6556
172.2433
172.5632
182.741
189.5501
188.2717
214.235
206.4542
209.9817
205.4915
181.3931
186.9674
183.5732
179.8937
173.5904
181.1884
177.5837
161.7169
175.6843
151.1921
140.2982
141.8518
148.8532
148.9511
146.9846
142.057
181.4961
191.0545
187.807
189.4972
176.8915
196.763
183.8686
179.552
167.354
157.9905
155.6791
159.2929
173.4896
157.5754
153.4266
159.2929
142.2847
152.2502
150.708
133.6276
140.6549
147.1081
132.6252
138.1031
141.8258
149.4236
150.0431
141.2864
155.1906
160.984
150.2268
145.8613
154.1053
158.1251
145.789
153.1817
159.2155
169.5204
178.6103
162.4019
148.8828
150.6607
159.4612
159.195
152.3844
152.8958
158.3535
146.0274
138.6223
141.5966
138.8585
141.3921
150.4642
141.9404
137.1086
158.0062
160.9155
168.8811
160.8199
169.6444
158.9753
174.4601
155.4183
133.2376
142.3809
150.0295
145.2207
136.7825
128.559
148.7538
156.9598
156.1953
161.523
173.2619
174.1804
173.4161
153.6276
171.4004
160.3798
166.7881
158.2384
150.4472
152.9255
170.1016
168.397
172.4342
159.8443
157.5502
157.999
139.5523
128.0814
139.8723
133.788
148.8375
147.2812
154.0072
145.6276
142.1922
160.0602
164.0925
160.5967
155.8261
171.2582
169.2939
167.3195
164.9063
168.6749
170.9024
172.3279
165.361
169.6192
177.4443
163.3926
150.5741
159.842
162.1022
166.0059
158.4651
154.0625
145.6807
150.5722
145.2353
148.8187
151.0925
136.1998
129.3054
130.5449
134.7797
128.6452
121.2485
123.1888
128.4162
113.1599
109.6893
127.7715
123.685
120.4073
151.5635
163.2566
173.6141
179.5294
184.5664
187.4876
185.6938
167.1661
171.8423
157.312
165.8686
156.8037
159.4473
141.2187
141.244
142.1284
139.8511
136.3371
148.095
149.1224
143.3224
138.6921
131.0391
130.886
133.2083
142.907
156.0093
142.4415
148.4364
142.6109
132.8784
144.6678
133.0654
150.079
152.2619
170.6214
158.213
150.4153
140.7869
148.7837
136.5565
127.405
133.5281
114.0098
105.4717
105.3929
95.80619
95.35838
76.12011
78.05632
73.77999
83.89176
68.4287
59.47495
69.4964
85.97598
103.4012
108.343
111.2721
119.7071
128.4928
123.1236
147.3776
147.2131
162.7779
181.7036
180.4875
179.9872
179.9859
177.8158
173.3895
174.5637
186.3359
176.972
178.6255
187.5895
185.2039
165.5821
142.3271
135.2394
139.5261
132.3912
144.7099
131.3868
134.947
147.8375
142.4121
146.4711
147.513
158.1493
150.4319
156.2763
158.9502
156.6698
147.0637
162.7448
141.785
134.0546
131.611
129.8097
123.3532
110.8248
107.8996
93.73637
86.87155
88.64353
105.1639
99.0773
99.7911
116.9006
122.337
119.0443
97.19786
86.19215
71.06789
96.32442
85.8931
89.23979
88.95678
79.87327
90.61105
90.14267
75.04468
71.61461
80.09622
104.7998
101.064
101.1846
97.00608
112.3217
102.9469
94.89569
94.57611
80.65201
69.85078
61.23547
48.20431
61.8693
70.92395
57.40133
63.37205
62.23124
54.27901
62.86631
65.63508
85.42037
85.45739
81.42047
76.76322
73.46561
79.3653
77.09063
64.83526
67.77797
62.40509
68.97743
85.30684
69.78901
59.96476
72.81934
72.49063
88.44891
96.90127
104.5281
118.8583
115.4794
115.8924
109.9374
135.2127
139.5891
139.8371
160.0799
163.2752
175.0757
178.4601
174.7559
189.6397
201.044
201.5564
193.1562
187.7303
178.4313
180.5043
157.5442
144.2358
162.639
148.3654
159.1917
141.3798
137.5301
129.4989
145.3867
135.3199
126.8986
124.433
132.4421
137.8878
143.6113
142.9266
157.926
142.0329
126.0562
103.1845
106.4217
109.7772
107.6146
94.27889
92.02423
111.0213
117.874
130.5107
150.4519
124.7376
111.2122
107.4159
113.6805
128.3376
147.2141
141.0952
152.6351
132.771
131.2265
120.4843
94.77212
101.375
111.9334
94.72743
104.8436
105.2419
110.2019
105.9981
105.1654
100.3557
104.5555
108.862
122.3596
109.308
111.1378
127.2885
139.0806
137.7227
143.6273
156.7251
161.5976
176.4833
179.5938
185.2155
173.1554
169.9
157.0445
154.7948
155.3282
145.4501
132.6968
142.5801
132.8616
126.6
124.0214
131.7232
148.1898
160.1131
143.8779
130.6052
145.5958
140.8994
151.1529
148.9853
143.3223
149.2456
149.6202
160.4063
151.6752
150.4423
161.2442
180.9201
166.5112
173.6764
179.4052
169.2957
178.3642
169.1984
153.3729
128.8414
107.8004
108.7653
97.77415
95.81928
92.30056
97.12612
93.54183
101.9573
110.7584
103.5394
114.6158
125.6493
126.3096
144.723
166.8479
168.048
175.4577
179.121
183.7639
176.3709
178.4981
190.1014
169.4576
167.841
165.8834
170.7905
158.3085
145.2677
156.4884
173.5032
164.236
160.999
178.9301
168.9183
159.3172
149.8096
172.5986
170.9021
182.978
185.4027
181.3168
183.3839
185.1743
182.7014
200.4752
214.1639
219.6072
198.3512
184.9447
176.8255
177.7716
177.0813
173.837
166.4936
162.399
171.5315
174.0888
171.2944
159.5404
168.8817
164.3293
169.7197
176.8782
176.3867
183.8447
195.589
205.9204
202.6263
198.1489
193.1034
179.6314
178.6445
172.1185
172.4767
176.9763
170.7639
169.1112
172.8733
167.6845
169.2718
158.0551
151.7571
160.8246
159.1814
165.6682
161.1339
173.1865
160.0408
156.3024
161.935
158.9054
149.5623
164.2587
161.4701
166.9752
159.1176
150.1363
150.4329
156.6647
161.422
169.6496
178.8843
183.216
178.629
163.6086
153.2503
150.0706
144.3045
138.4652
130.1941
130.6141
125.6648
123.4637
142.5722
157.2281
174.3978
163.5587
175.7698
185.5734
208.7196
190.7439
195.3212
180.682
157.5775
145.1783
144.697
152.1725
140.0635
131.1674
131.6749
141.3106
141.8238
145.0431
157.2212
159.2242
168.2892
166.241
167.7957
163.0679
144.7226
167.1384
156.5426
153.7259
153.7068
143.6292
154.5806
159.2186
167.0582
166.7204
166.6861
168.7139
148.2879
166.9904
181.0857
172.9271
164.4286
143.7812
128.2005
122.4981
126.7471
129.2225
122.884
102.0075
118.4774
130.9021
123.8411
114.5291
126.3514
146.5605
137.3335
139.6586
128.4361
141.3208
152.8727
145.4829
129.3842
145.0097
145.6764
144.5026
131.6824
115.5239
111.3752
105.5748
102.3017
86.70973
90.30423
93.17263
83.86825
94.35411
94.19643
100.0608
111.4253
101.4487
106.2726
106.9562
109.0441
122.0537
125.283
117.1797
118.9079
127.4339
121.571
116.8032
117.3237
121.7878
117.0536
136.2181
130.4417
127.2834
122.5551
111.3944
132.0822
124.4158
131.8793
116.201
119.642
126.1787
125.4367
124.3167
132.5674
134.6763
125.7583
129.6766
145.1948
140.6957
149.079
164.0335
159.689
158.4125
154.7015
163.6819
149.3268
143.1273
146.5678
159.1259
163.5102
169.2523
176.6003
184.0463
172.7919
168.5224
165.9116
159.3386
132.4967
143.9981
137.3365
124.9981
125.6443
131.7227
118.9073
112.7075
110.3678
115.6371
127.6447
136.364
150.0023
131.4622
138.4365
141.6221
144.2911
144.7344
149.516
167.8999
156.5028
161.9921
171.1329
188.9824
198.2428
201.8932
199.1646
199.7953
214.1546
214.5674
201.6142
188.6412
184.5273
179.6408
178.9105
174.4132
175.212
199.0495
191.2628
215.4529
207.1808
204.0665
200.049
196.4313
190.7167
204.7076
220.3303
217.2613
226.3485
220.1809
231.4574
236.9684
239.4456
240.3473
235.9235
230.1087
232.8687
230.851
240.0898
231.6386
219.5531
212.1282
210.3157
219.9489
210.1316
195.4311
196.046
199.526
180.8304
181.1941
179.6815
184.3519
201.8671
206.3581
200.0217
201.0716
198.5473
182.6773
183.6881
181.1219
192.8028
197.3444
206.5723
201.953
182.6431
189.111
195.2228
198.2185
190.5478
188.2017
183.962
187.1986
186.2661
198.7109
184.8644
186.6367
191.0222
190.8963
185.9158
168.6846
173.241
190.1585
183.3907
190.3844
183.9003
185.075
180.2655
181.2629
174.3632
174.9116
152.8481
148.0135
145.9904
132.6949
123.5762
140.3781
140.7428
147.8599
133.7719
145.688
127.4578
124.7444
124.1322
134.2154
132.1644
133.6436
143.6035
152.893
151.2202
139.9645
148.119
162.9782
164.9367
165.609
160.8301
163.2508
163.8984
170.5296
169.451
161.3039
179.7136
176.8699
180.1232
175.6152
160.6083
162.0974
172.3873
163.6367
154.6131
159.1649
150.1657
157.8152
156.3537
138.2778
142.4806
143.6614
143.5642
156.6174
166.5462
158.5144
150.1619
132.2785
134.4448
139.2114
148.1374
139.4049
138.1069
153.9818
155.3351
146.5314
143.8194
135.1474
142.0745
144.4629
153.0374
150.7544
151.8227
157.7735
161.9727
163.7504
178.2536
189.0264
201.9817
182.1805
185.7674
175.3792
174.4494
181.8792
181.8302
172.4647
155.2974
167.4698
154.1191
156.5519
162.5513
164.8247
153.2225
159.376
165.6988
145.478
149.8027
135.1927
116.8454
118.4385
139.6376
138.4788
142.5328
116.4921
125.5494
129.8713
135.1796
141.3543
143.9123
130.4126
130.6717
129.9343
138.1023
138.4665
123.9264
113.5054
100.6793
114.7614
117.0332
121.6359
117.1793
123.5092
120.6626
102.6936
84.19256
80.044
91.67076
104.4891
97.41802
99.72171
90.11497
85.59766
92.86028
101.8398
101.8339
116.4966
131.8477
131.1515
138.2078
136.5952
128.6937
121.8506
120.4422
133.0596
144.624
128.522
142.4368
133.7803
131.8003
136.7612
140.8004
136.5059
148.0191
139.9125
150.5075
152.1416
152.2889
158.441
154.4168
174.0439
170.6869
170.6156
147.0821
146.8748
149.9541
140.8053
135.4599
137.4449
145.5047
140.0753
142.6526
145.7562
152.279
150.0208
152.6301
163.0127
150.8134
160.9838
166.8956
181.6221
169.8345
168.1464
164.087
170.3183
160.2492
161.9392
170.9708
185.7013
201.3548
208.2537
193.4482
189.1654
184.8193
166.0971
160.9845
148.8892
155.8823
146.4716
146.629
128.7476
147.4747
164.7195
158.0755
167.3128
159.8655
164.0045
171.6122
176.594
164.0676
150.7388
136.4633
138.4332
131.4442
128.6443
143.3034
128.6154
116.6769
106.6356
105.396
107.9878
119.5417
142.2977
154.6311
154.0269
156.173
149.7019
159.5222
154.7665
154.3012
153.1043
154.0266
152.7723
155.1349
147.3543
142.698
141.9556
160.0691
162.0462
166.4009
155.2124
147.4056
143.7538
137.2476
129.7859
138.6619
151.2168
152.2997
169.5901
166.1773
168.5812
189.6525
194.5981
189.2753
196.908
195.082
186.7237
183.6622
183.5224
181.8899
187.6208
197.062
193.0712
194.5855
195.5844
222.7622
227.1474
230.1923
234.2306
217.769
210.7868
205.7785
215.7099
208.2339
198.607
188.9672
180.7817
195.5654
184.2205
176.4834
180.308
189.4862
190.554
193.2414
187.2475
170.2511
178.496
171.4661
173.501
151.1309
136.82
136.4629
125.4181
131.8404
125.9926
127.3237
128.8668
143.3934
147.4153
160.0246
149.759
165.8126
167.6706
153.0239
162.2442
157.639
