3424.325
3401.985
3546.675
4324.262
3963.075
3831.283
3551.425
3971.908
3766.686
4065.662
4320.698
3727.501
3911.751
4260.135
4018.171
3912.546
4081.245
3384.855
3504.584
3861.315
3630.949
3274.603
3786.153
3590.608
3629.808
4165.897
3917.771
4065.459
3570.067
3819.302
3726.786
3957.825
4395.152
4265.387
3757.003
4401.849
3960.857
3828.206
3700.197
3563.392
3728.369
3456.784
3429.898
3897.758
3719.671
3902.943
3907.467
3679.408
3547.098
3680.535
3762.3
4047.648
3990.537
3726.957
3623.254
3635.498
3158.83
3392.469
3935.915
3766.36
3648.262
3127.442
3922.202
3612.287
3859.492
4470.105
4106.13
3784.026
4334.879
3968.512
3533.532
3805.367
4130.326
3840.652
3856.791
3573.56
3957.88
4293.338
4496.155
4036.849
4090.405
4391.723
4103.996
4038.424
3680.929
4094.203
3656.303
4177.323
3436.769
3706.903
4676.3
3655.607
4042.398
3467.636
3357.622
3679.084
3613.41
3120.187
3501.653
3430.054
3371.648
2970.897
3880.627
3901.558
4155.597
3549.438
3633.62
3582.553
4298.655
3433.581
3591.682
3096.853
3769.964
3998.379
4159.903
3695.861
3366.234
3700.345
3930.59
4700.215
3908.134
4224.685
3240.052
3984.373
3330.839
3819.955
3879.77
4120.824
3622.899
4061.41
3393.17
4095.67
4213.83
3696.965
5172.664
3941.447
4081.826
4122.99
3999.637
3931.169
3629.883
3648.632
3486.815
3332.211
3182.084
3409.62
3731.959
3848.778
4044.1
3428.081
3878.832
3597.129
4152.886
4218.51
3868.919
3794.446
4136.508
3182.377
2668.145
3957.806
3287.336
3574.581
3431.811
3725.121
3352.833
3905.361
3725.525
3678.206
3668.682
3822.109
3892.808
3490.264
3538.848
3631.523
3801.677
3368.379
4021.776
4004.467
4301.019
3773.813
3631.742
3415.425
3796.854
3490.621
4413.272
3727.246
3361.631
4284.063
3008.556
3617.757
3704.087
3039.365
3178.228
3539.803
3723.056
3267.781
3518.63
3738.272
3693.827
3886.962
3552.523
3770.439
3533.072
4385.136
3712.842
4451.663
3510.664
3903.499
3105.127
3174.155
3845.712
3328.34
4418.27
3136.507
3207.641
3813.346
3434.885
3416.787
3310.631
2797.805
3716.562
3932.846
4108.658
3369.319
3669.644
3394.585
3448.002
3297.951
4165.154
3696.366
3440.928
3620.853
3755.932
3419.436
3794.818
3072.108
3507.146
4246.997
3364.143
3575.693
3347.931
3156.704
3650.539
3245.528
4018.759
3746.157
3750.153
3573.098
3508.823
3527.374
3171.538
3096.109
2908.686
3613.73
3544.245
3063.017
4249.815
3207.379
3334.735
3039.303
3107.889
3531.942
2703.927
3406.803
2764.237
3505.65
3653.738
3319.126
3666.655
3963.273
3613.643
4069.119
4062.068
3416.412
3934.775
3730.496
3394.095
3695.937
3862.76
3507.472
3872.467
4197.652
4058.241
4015.477
4044.933
3299.732
3517.785
3461.99
3571.024
3795.663
4228.064
3688.399
3993.268
3507.742
4506.43
3341.304
3942.108
3285.127
3913.03
3369.146
3387.896
3748.316
3134.088
3312.936
3945.729
3777.849
3556.906
3273.949
3368.87
3213.008
3856.902
3688.789
3668.329
3326.661
3785.475
3682.887
4267.145
2896.999
3474.035
3892.537
3498.258
3182.944
3772.796
3395.73
3950.682
3803.029
3600.913
3510.612
3912.568
4236.455
3608.584
4114.551
4116.492
4446.148
3774.11
4033.884
3941.595
4121.674
4113.325
3829.454
3762.191
4558.28
3595.032
3699.585
3385.554
3880.773
3555.085
4134.997
3606.491
3672.705
3950.425
3739.882
3809.847
3518.42
3763.908
4162.677
3529.739
3516.464
4107.497
3954.4
3965.217
3824.593
4239.602
3650.479
3873.705
3461.559
3438.611
3419.985
3449.144
4100.171
2958.454
3173.851
3500.387
3491.731
3454.782
3090.81
3618.158
4472.245
4300.352
3624.83
3654.833
3758.645
3877.488
3487.061
3479.366
3679.109
3825.863
4048.662
3405.518
3612.54
3314.353
3481.504
3207.4
3434.719
3240.45
3703.794
3339.884
3144.197
3364.516
3883.913
3795.655
3706.453
4146.433
4083.684
3600.833
3364.969
3561.516
3666.081
3171.737
3105.467
2984.837
3780.74
3490.512
3122.945
4043.592
3420.732
3794.179
4056.086
4015.634
3613.502
3798.275
3593.779
4058.791
3168.168
4269.88
3778.168
4215.381
3868.709
3880.866
4258.42
4269.416
4136.96
3879.142
3712.53
3552.739
3578.223
4524.92
3343.285
3930.6
3926.112
4190.362
3839.558
3618.531
3771.046
4260.764
4100.924
3701.498
4343.068
3478.056
4093.786
3391.659
3902.385
3749.752
3454.122
3429.058
3464.234
4115.391
3377.338
3554.047
3463.895
3723.748
3341.207
3428.083
4324.473
4184.26
3698.816
3918.077
3628.444
3675.506
3756.334
3236.996
3468.784
3935.951
3678.768
3879.788
3655.885
3835.259
3286.881
3290.68
3658.806
3665.071
3966.221
3407.591
4024.003
3737.818
4189.333
3729.92
3661.936
3452.533
3802.087
3776.162
3657.93
3731.463
3676.447
4219.219
3730.498
3626.59
4051.179
4011.858
3638.172
3468.504
4261.847
3591.905
3860.377
3292.416
3930.57
3519.55
4186.49
4116.225
3915.653
4285.871
3974.424
4607.873
3680.315
3557.235
4181.067
4043.356
4517.914
3621.252
3300.725
3967.073
3774.058
4526.688
4275.314
3679.807
3253.627
4090.483
4100.552
3423.067
2898.978
3312.404
3616.295
3895.669
3543.52
3306.772
3261.803
3764.345
3332.808
3624.826
3031.32
3516.67
3742.84
3797.833
3510.5
3926.595
3943.404
3063.259
2848.917
3061.102
3225.861
3110.163
3206.18
3872.44
3785.201
3466.378
3014.831
3033.828
3551.588
4800.505
3272.901
3568.576
3720.2
3193.048
4373.455
4379.397
3757.587
3662.118
3821.968
3229.09
3456.675
4122.259
3590.767
3559.341
3791.595
3627.657
4577.853
3759.428
3464.559
3067.628
3797.539
3697.996
4140.602
4102.788
4741.317
4225.457
3475.459
3794.672
3846.226
3902.522
4234.139
3941.409
3293.09
4226.126
3603.74
3880.234
3399.851
3532.356
3977.696
3803.37
4021.333
3479.239
4008.815
3209.609
4075.603
4384.345
3927.978
4035.933
3737.567
3693.231
4015.972
3784.595
3132.962
3713.347
3880.836
3853.44
3844.61
3930.186
4005.421
3873.238
3453.785
4227.525
4049.091
3740.997
3906.191
3765.65
3816.094
3708.643
3574.285
3494.993
2975.519
3687.367
3269.004
3478.979
3475.014
4462.133
4171.785
3870.356
3660.791
3547.079
3943.487
3597.383
4132.87
3615.258
3652.235
3156.243
3518.052
3925.135
3254.059
3653.433
3407.572
3981.615
3715.569
3020.746
3376.429
3606.413
4036.86
4031.287
3463.148
3931.911
3282.457
3757.563
3528.103
4365.748
3858.666
3890.731
4197.121
3542.768
3844.158
3917.133
3788.524
3821.373
3744.95
3985.459
3754.817
3611.214
3557.56
4161.339
3713.993
3944.973
3406.117
4282.511
3241.028
3920.47
4346.947
3537.23
3859.851
4142.494
3703.771
3447.517
3509.342
4119.106
4253.501
3719.852
3489.222
3675.602
3359.205
4032.58
3957.702
4012.991
4299.463
3855.828
3258.981
3963.352
3916.24
3816.702
3599.669
3667.271
3124.567
3245.978
3758.722
3982.144
3615.218
3441.138
3281.525
3722.934
3390.571
3657.006
3558.307
3461.15
3310.042
3523.723
4000.218
3982.343
3788.986
4105.299
3718.247
3744.016
3180.579
2511.007
3703.406
3502.249
3673.162
3398.202
3048.879
3050.484
3618.464
3927.152
4251.908
3866.505
3946.647
3665.104
3625.035
4145.635
3678.427
3577.217
3469.429
3518.743
3398.437
3767.028
3744.188
3493.941
3811.03
3823.86
3496.493
3690.983
4485.391
3602.474
4119.269
3909.412
4236.041
3472.13
3511.363
3154.879
3504.394
3492.56
3864.186
3145.546
4053.515
3786.428
3690.834
3432.654
3436.058
3401.317
3743.35
3813.313
3979.391
3895.616
4382.109
3676.428
4143.517
3924.944
3906.302
3434.968
4011.379
3886.839
3708.49
4193.231
3553.614
3403.551
4346.286
3703.662
4053.959
3911.539
3545.46
4113.465
3686.619
3366.934
3453.913
3584.506
4396.699
3785.025
3952.443
3688.161
3151.713
3303.156
3521.354
3652.452
3699.616
3349.937
3828.545
3737.135
3489.653
3660.412
3685.453
3932.803
4373.857
3799.697
3716.878
3807.52
3820.414
3863.522
3548.869
3875.434
3511.04
4011.866
3516.074
3565.015
3491.671
3986.258
3961.348
3666.051
2947.356
2999.737
2806.21
3275.879
3255.137
3049.33
3085.991
3699.219
3152.021
3682.688
3191.256
3659.583
3298.842
4066.688
4197.353
3499.967
3497.6
3501.081
3468.476
4268.319
4004.334
4086.545
3451.627
3292.518
4015.108
3756.566
4249.636
4054.833
3548.515
3781.58
3499.092
3951.367
3267.741
3797.06
3862.128
3102.942
3905.891
4132.561
3405.33
4033.478
3238.895
2778.198
3831.484
3068.287
3905.202
3663.023
3963.051
3573.324
3584.363
3770.629
3646.456
3132.722
3630.584
4049.813
3066.097
3204.4
3562.046
3625.421
3208.626
3490.584
2986.575
3295.629
4300.671
4591.624
3427.923
3839.476
3663.362
3793.616
3914.088
3102.158
3409.82
3154.391
3951.198
4080.075
4050.503
3993.012
3552.037
3840.082
3973.878
4058.389
3653.133
3460.669
3159.327
3677.557
3406.36
3435.581
3193.626
3549.676
3012.464
3426.791
3595.096
3797.101
3736.726
3311.419
3628.433
3919.025
3828.009
3692.84
3549.116
3967.081
3835.011
3561.464
3747.45
3208.474
3671.854
3762.779
3424.563
3725.754
3828.877
3923.426
3945.824
3678.307
3712.248
2869.647
3512.146
3383.294
3146.005
4116.554
3795.905
3049.134
3482.742
3316.54
3538.474
3184.675
3366.56
3402.763
3688.38
3626.282
4182.41
3606.22
3068.414
3346.103
4202.579
3698.093
3344.843
3587.16
3545.323
4234.792
4981.581
3815.903
3866.346
3591.64
4272.637
3515.359
4304.935
4282.263
3980.133
4129.635
3843.29
3852.686
3413.857
3977.923
3979.809
3110.702
3509.354
3684.744
3254.011
3964.38
4230.819
3363.747
3737.541
3595.783
3799.94
3978.733
4028.438
4027.679
3442.483
3777.027
3283.447
4544.359
3824.059
3744.824
4135.358
3837.239
4067.348
3635.495
3581.464
3359.407
4235.981
3877.58
3861.479
3666.272
3628.142
4253.755
3786.564
3418.712
3735.457
3555.115
3631.28
3508.529
3321.044
3660.083
3541.888
3946.489
3133.308
3146.353
3482.63
3616.763
3138.026
3216.364
3433.069
4132.363
4152.41
3390.697
3581.552
3565.222
3487.272
3792.566
3881.612
4066.947
3880.826
3306.006
3959.165
3902.648
4205.321
3860.293
4084.945
3581.792
3471.641
3438.096
4058.752
3462.126
3318.647
3765.057
3389.631
3417.638
4071.947
3534.539
3998.964
3275.341
3726.393
3554.496
2983.054
3738.186
2914.885
3979.471
3968.922
3396.066
4100.584
3948.823
3954.93
3648.498
3978.475
3445.978
3635.194
4538.27
4064.928
4142.932
4726.888
4353.76
4552.676
3574.181
4166.607
4613.669
3236.01
3817.603
3918.18
3866.996
3579.048
4244.033
3879.873
3419.443
3592.257
3578.844
3790.949
3683.391
3257.399
3731.141
3380.785
3559.859
4624.361
4098.525
4625.432
4109.196
4202.029
3768.439
3821.203
3998.637
3748.848
3362.767
3845.165
3830.364
3798.359
3709.495
3221.543
3573.603
3708.159
3290.374
3739.478
4071.585
4080.671
3925.363
3615.438
3393.734
3920.195
3620.825
3841.34
3575.56
4005.117
3451.312
3800.3
3398.103
3787.819
3754.881
3525.891
3723.18
2861.777
4060.38
4037.315
3554.633
4034.086
3569.874
3294.02
3016.761
2806.133
3379.699
4051.664
3476.918
3727.169
3440.712
3364.502
3604.643
3847.938
3915.817
3853.458
3493.911
3688.131
3933.93
3246.068
3776.881
4027.019
3118.448
3612.257
3639.4
4056.889
3490.82
4294.272
4675.561
4244.058
4816.31
4106.335
3803.573
3615.398
3622.917
3337.905
4357.567
3791.503
3595.401
3784.014
4236.046
3989.173
4175.745
3829.441
3519.855
3427.093
3675.178
3731.641
3288.207
3386.801
3178.447
4253.636
3566.666
4038.633
3670.039
3814.632
3651.485
3288.405
3977.441
3698.378
3693.874
3532.37
4016.562
3788.799
3925.742
4001.59
4250.639
3680.403
3859.123
4215.192
3749.142
3952.592
4087.41
3552.979
3658.759
4331.723
3515.041
3662.038
3771.542
3812.112
3323.506
3679.449
4330.361
3717.387
4025.315
3884.965
3224.627
4524.953
3441.267
3347.67
3428.652
3400.528
3664.018
3886.815
3760.616
3593.343
4074.732
3079.355
3349.717
3307.089
3285.607
3353.763
3710.352
3787.37
3519.377
3388.218
4240.282
3509.118
3713.921
4559.561
4209.439
4411.159
3588.259
4079.648
4108.049
3300.761
4261.992
3969.874
3587.693
4127.485
3391.5
4087.901
3961.224
3485.512
4215.768
3550.005
3661.365
4225.013
4198.578
4302.106
4206.606
3903.392
3744.497
4158.485
3839.912
3518.396
3901.312
4646.803
3252.115
4086.875
3604.236
4158.245
3265.696
3308.486
3203.225
3647.373
3157.713
3656.377
3617.426
4100.292
3545.951
3637.504
3899.892
3586.409
3731.61
3644.766
3872.255
3986.965
3837.833
4212.725
4331.533
4686.032
3856.425
3366.119
3574.042
4300.367
3433.825
3585.965
3387.976
3461.615
3261.311
3431.21
4225.528
3198.789
3480.47
3303.099
3139.549
3370.201
3626.492
3497.026
3071.439
3883.504
3887.374
3385.148
3664.756
3807.484
4044.995
4056.606
3912.166
3920.014
4465.912
3558.081
3999.338
3483.904
3758.156
4136.317
4274.132
3422.351
3601.47
3934.341
3299.82
3366.408
4244.124
3858.494
3895.429
3937.159
4276.974
3302.554
3616.508
3237.433
4241.157
3433.746
3756.979
4355.599
3672.593
3502.215
3539.305
3475.952
3812.651
3637.126
3634.087
3508.71
4045.067
4142.784
3961.618
3654.559
3579.721
3683.295
4280.674
4052.563
4032.425
3624.592
3709.61
3949.645
3476.103
3898.244
3712.039
4045.349
4516.929
3578.083
3863.263
4052.038
3689.898
3785.483
4244.539
3643.308
4058.121
3922.397
3555.963
3401.587
3808.753
3332.07
3575.43
3354.34
3778.143
4094.621
4075.305
3826.511
3073.4
3569.919
3267.014
3467.183
3271.142
3064.772
3530.681
3082.065
3918.623
4290.571
3049.828
3612.533
3612.722
4015.819
3386.945
3393.994
3567.889
4093.908
3503.176
3245.728
3577.79
3671.458
3829.754
3337.126
3671.56
4011.213
3716.709
3841.579
3485.94
4231.221
4426.939
4795.751
3492.879
3431.954
3416.089
3046.382
3508.76
2736.988
3493.616
3563.867
4156.528
3446.434
3870.903
3351.957
3239.139
3290.391
3869.24
3943.298
3985.353
4579.732
3419.586
3391.748
3531.116
3694.455
3579.707
3726.275
3478.276
3952.405
3712.603
3455.017
3617.88
3477.004
3973.204
4069.332
3541.225
3878.851
3615.537
3386.896
3264.903
3510.148
3627.702
3353.352
3564.236
3868.804
3528.346
4352.618
4492.681
4007.04
3572.744
4049.716
4085.823
4248.98
4007.57
4095.092
3943.191
4028.646
3891.386
4693.292
3555.449
3990.795
3685.955
3576.762
3351.383
4482.469
3617.967
3230.911
3752.395
3694.939
3565.268
4433.072
3472.496
4290.463
4471.247
3901.226
4253.545
3683.868
3649.498
3227.728
3113.4
3310.668
2993.34
3077.111
3833.398
4264.937
3988.697
3312.923
3404.441
4202.211
3327.136
3680.645
4044.803
3223.235
3827.675
4182.824
3628.421
3343.426
2761.656
3178.183
3042.42
3237.293
3287.254
3365.774
3442.456
3516.494
3567.113
3452.786
4095.227
3557.214
3406.519
4234.184
3950.888
3504.145
3814.841
3757.993
3716.24
4198.384
4131.616
3310.295
3611.177
3089.117
3669.584
3821.739
3096.297
4174.516
3571.629
3602.847
4010.169
3732.979
3913.701
3710.189
4635.732
4237.16
3755.959
4036.533
3431.47
3829.197
3606.471
4211.518
3094.977
3636.818
3425.465
3784.382
3543.018
3537.045
4330.449
4316.961
3867.698
3499.783
3871.003
3397.219
3361.051
3995.568
3028.814
3395.862
4273.488
3061.411
3973.295
2854.232
3481.636
3293.716
4374.662
3802.706
3176.862
3610.65
3966.131
4253.852
4127.727
3702.875
4033.384
3368.778
3637.896
3630.105
4027.304
3792.718
3602.398
3794.078
3686.92
3476.065
3596.274
3406.416
3895.38
4047.7
4135.868
4158.157
4083.554
4027.311
4515.663
4179.544
4010.468
4056.02
4307.53
3882.267
3429.28
5045.976
4317.261
4080.437
3443.423
4152.787
3842.403
3702.867
4081.536
4927.465
3403.502
3722.558
3644.309
4098.078
3486.493
4249.81
3749.164
4560.236
4253.558
4014.985
4445.86
3992.517
3269.528
3569.697
3873.245
3434.893
3370.764
4285.729
3605.702
3384.871
3622.221
3530.794
4305.907
3613.577
3322.004
3759.03
3265.389
3581.131
3797.58
4145.663
4046.533
4495.354
4161.275
3738.396
4065.94
3804.374
3689.178
4025.031
3538.459
4337.455
3348.6
3565.149
4495.89
3544.538
3642.832
3699.426
3685.522
3455.343
3812.518
3350.762
3295.683
4064.389
3999.501
3660.106
3900.2
4415.879
4197.238
3955.078
3765.153
4096.9
3900.849
3821.683
4002.364
4476.99
4398.562
4077.521
3304.771
3729.99
4530.95
4284.137
4177.745
3819.897
4089.155
3988.543
3175.258
3974.372
3190.057
3800.452
3693.546
3692.267
4046.218
3707.81
3476.102
4411.222
4132.353
4181.425
4251.195
3760.086
3646.34
3812.181
4160.633
3714.843
3326.193
4218.351
3856.772
3703.585
3822.168
4040.976
4112.245
3328.661
3736.751
3904.185
3365.441
3530.56
3913.058
3471.485
3490.874
3173.222
3094.606
3345.599
4168.251
3592.232
3390.933
3192.009
3684.455
3832.37
3763.549
3732.68
3310.258
3785.521
4073.077
3984.572
3522.022
3986.744
3840.407
4245.253
4092.703
3912.174
4475.292
3792.967
3581.936
3404.201
3801.448
3186.832
3628.479
3442.927
3476.871
3947.874
4176.513
3312.295
4522.821
3690.764
3833.713
3924.209
3803.608
3836.312
3874.18
4194.045
4021.225
3423.015
3850.811
3306.644
3288.006
3258.084
4203.686
3631.36
3656.64
3453.724
4283.666
3920.538
3916.84
3908.716
3724.791
4009.258
4296.966
4320.233
4026.939
4187.125
3633.976
3289.757
3700.004
3660.766
4575.093
3781.744
4481.001
3858.282
4301.022
3154.296
4021.689
3429.463
3974.71
3517.095
3366.649
3900.652
3370.464
3278.657
4094.921
4049.472
3593.174
3684.041
3552.719
3802.608
4300.527
3784.209
3957.007
3994.056
3851.316
4295.771
3980.745
4065.919
3799.965
4003.861
3978.82
3713.821
3384.942
3753.68
3717.66
3467.247
3115.794
4021.82
3774.125
3600.09
4291.453
3671.549
4069.948
4049.828
3545.65
3237.535
3394.33
3996.844
4414.553
3811.759
4018.387
3119.572
3362.111
3908.876
3098.034
3866.936
3181.532
3470.006
3267.571
2708.956
2930.251
2953.827
3746.878
3075.192
3144.239
3142.144
3369.996
3271.07
2814.488
2929.898
3290.517
3808.161
3365.462
3346.407
2703.391
3514.508
3142.014
3165.821
3527.893
3118.127
3639.548
4182.787
3438.977
3032.765
3185.848
2948.271
3424.903
2774.572
3239.824
3721.455
3458.557
3635.247
4324.047
3392.399
3804.139
3397.737
3801.314
3884.808
3823.886
3303.148
3035.684
3422.161
3803.426
3539.788
4061.056
3439.646
3341.779
3456.762
3492.473
2984.987
3462.623
3348.628
4030.153
3763.078
3083.296
4071.357
3978.861
3691.191
3579.861
3764.819
3890.824
3787.653
3900.955
3888.983
3473.789
3581.633
4285.246
3426.964
3355.945
4028.369
3437.092
3671.865
3095.268
3540.322
3434.031
3261.531
3812.033
3595.613
3700.478
3664.938
3242.54
4057.831
3449.973
3636.678
3461.88
3200.656
3762.367
3280.12
4128.489
3532.081
3634.434
3222.707
3611.816
3362.824
3560.295
3549.982
3619.047
3264.338
3188.694
3994.938
4609.177
3555.603
3775.78
3399.388
3473.824
3320.598
4192.375
3620.793
3950.919
3637.544
3967.02
3621.756
3407.491
3208.062
3189.405
3465.934
3212.809
3249.891
3257.465
4104.607
2931.463
3060.617
3024.929
3847.991
3449.715
3771.492
3272.504
3337.813
3364.204
3483.986
3421.068
3231.182
3156.453
3826.17
3513.947
3701.114
4168.867
2888.191
